Auto-generated genotype output.
1
2
3
4
5
6
7
8
9
10
11
12
13
14
15
16
17
18
19
20
21
22
23
24
25
26
27
28
29
30
31
32
33
34
35
36
37
38
39
40
41
42
43
44
45
46
47
48
49
50
51
52
53
54
55
56
57
58
59
60
61
62
63
64
65
66
67
68
69
70
71
72
73
74
75
76
77
78
79
80
Pop
1 , 0303 0102 0303 0404 0401 0403 0101 0204 0202 0404 0303 0404 0203 0402 0202 0201 0103 0101 0201 0202 0404 0303 0404 0202 0303 0101 0404 0304 0301 0101 0101 0204 0404 0404 0403 0204 0404 0303 0204 0104 0101 0301 0101 0303 0101 0202 0202 0202 0202 0101 0404 0303 0101 0402 0104 0101 0303 0202 0101 0303 0303 0202 0101 0303 0101 0101 0101 0403 0303 0404 0303 0202 0101 0303 0403 0303 0402 0104 0304 0101 
2 , 0303 0102 0303 0303 0104 0303 0101 0202 0202 0104 0404 0404 0303 0404 0202 0101 0101 0101 0101 0202 0404 0303 0404 0201 0303 0101 0402 0404 0101 0101 0101 0402 0401 0401 0303 0202 0404 0303 0204 0101 0101 0101 0101 0303 0104 0202 0204 0402 0202 0104 0404 0303 0101 0202 0404 0201 0303 0402 0101 0302 0302 0202 0104 0404 0101 0101 0101 0304 0303 0404 0203 0202 0101 0304 0403 0303 0202 0104 0403 0101 
3 , 0303 0202 0303 0404 0401 0403 0101 0202 0202 0404 0404 0404 0303 0404 0102 0102 0101 0404 0101 0202 0404 0303 0402 0102 0303 0101 0404 0404 0101 0101 0101 0204 0401 0101 0303 0202 0404 0303 0204 0104 0101 0103 0101 0303 0101 0202 0202 0202 0302 0104 0404 0303 0101 0202 0401 0101 0303 0202 0101 0202 0203 0202 0101 0303 0101 0101 0101 0404 0301 0404 0202 0202 0101 0404 0403 0303 0204 0404 0304 0401 
4 , 0303 0202 0303 0303 0101 0303 0101 0202 0201 0404 0404 0404 0302 0404 0202 0101 0101 0404 0102 0202 0204 0303 0404 0102 0303 0101 0404 0404 0301 0201 0101 0402 0404 0104 0303 0202 0303 0303 0404 0101 0101 0101 0101 0101 0401 0202 0202 0404 0203 0101 0404 0403 0102 0202 0404 0101 0303 0202 0102 0303 0303 0402 0104 0303 0101 0101 0401 0404 0103 0404 0303 0202 0101 0404 0403 0303 0202 0101 0304 0104 
5 , 0303 0201 0303 0303 0104 0303 0101 0202 0202 0401 0404 0404 0303 0404 0202 0102 0101 0404 0201 0202 0404 0303 0202 0201 0303 0103 0402 0404 0303 0201 0101 0404 0404 0401 0303 0202 0303 0203 0404 0101 0101 0303 0101 0101 0104 0202 0404 0202 0203 0101 0404 0304 0201 0202 0401 0101 0303 0202 0201 0302 0303 0202 0401 0304 0101 0301 0101 0404 0303 0404 0303 0202 0103 0404 0404 0303 0204 0104 0404 0101 
6 , 0303 0202 0203 0403 0104 0304 0101 0202 0201 0404 0404 0404 0303 0404 0202 0201 0101 0401 0101 0202 0404 0303 0404 0201 0303 0103 0404 0404 0101 0201 0101 0402 0404 0404 0303 0202 0404 0303 0204 0101 0101 0101 0101 0303 0401 0202 0404 0202 0203 0104 0404 0303 0101 0402 0404 0101 0303 0202 0101 0303 0203 0402 0104 0304 0101 0101 0101 0404 0303 0303 0303 0202 0101 0403 0404 0303 0402 0404 0404 0101 
7 , 0303 0202 0302 0404 0404 0404 0101 0202 0202 0404 0303 0104 0303 0404 0201 0202 0101 0101 0101 0202 0404 0303 0402 0102 0303 0101 0404 0404 0101 0101 0101 0204 0404 0404 0304 0202 0404 0303 0404 0104 0101 0303 0101 0103 0101 0202 0402 0204 0302 0101 0404 0303 0101 0202 0104 0101 0303 0202 0101 0302 0303 0202 0101 0304 0101 0101 0101 0404 0103 0303 0203 0202 0101 0404 0403 0301 0202 0404 0403 0101 
8 , 0403 0201 0303 0303 0101 0303 0101 0202 0202 0104 0303 0401 0203 0404 0102 0102 0303 0401 0202 0202 0204 0303 0202 0201 0303 0101 0404 0404 0301 0101 0101 0402 0401 0104 0303 0202 0404 0302 0404 0101 0101 0101 0101 0301 0101 0202 0202 0202 0303 0101 0404 0303 0101 0202 0104 0102 0303 0404 0101 0203 0303 0202 0101 0403 0201 0101 0101 0404 0303 0403 0303 0202 0101 0404 0304 0303 0202 0404 0404 0101 
9 , 0403 0202 0303 0403 0104 0303 0101 0202 0202 0404 0303 0401 0203 0202 0101 0101 0301 0101 0201 0202 0402 0202 0404 0202 0303 0101 0404 0404 0303 0101 0101 0404 0404 0104 0303 0202 0404 0303 0404 0101 0101 0103 0101 0301 0101 0202 0404 0202 0202 0101 0404 0304 0102 0202 0101 0101 0303 0402 0101 0302 0303 0402 0401 0404 0201 0101 0101 0404 0301 0404 0202 0201 0101 0403 0403 0303 0202 0404 0403 0101 
10 , 0303 0201 0303 0304 0101 0303 0101 0202 0202 0401 0304 0404 0303 0404 0201 0101 0101 0104 0201 0202 0404 0303 0204 0202 0303 0101 0402 0404 0303 0102 0101 0204 0404 0101 0403 0204 0303 0303 0404 0404 0101 0103 0101 0103 0401 0302 0402 0204 0302 0401 0404 0404 0101 0202 0104 0101 0303 0202 0101 0203 0303 0202 0404 0403 0101 0301 0101 0404 0303 0303 0203 0202 0101 0404 0404 0303 0202 0404 0404 0104 
11 , 0304 0101 0303 0403 0101 0303 0301 0202 0202 0404 0404 0401 0303 0402 0202 0201 0103 0404 0201 0202 0404 0303 0404 0202 0303 0103 0404 0404 0101 0201 0103 0404 0404 0404 0303 0202 0403 0303 0402 0104 0101 0303 0101 0103 0101 0202 0204 0202 0302 0401 0404 0303 0101 0202 0101 0101 0303 0202 0101 0203 0203 0202 0401 0303 0201 0101 0101 0403 0103 0303 0202 0202 0103 0404 0404 0303 0202 0404 0303 0401 
12 , 0304 0202 0303 0304 0101 0303 0103 0204 0202 0104 0404 0404 0303 0204 0201 0201 0103 0401 0102 0202 0404 0303 0404 0202 0303 0101 0404 0403 0101 0101 0101 0402 0404 0404 0303 0202 0404 0303 0202 0101 0101 0103 0101 0301 0101 0202 0404 0202 0203 0101 0404 0403 0101 0202 0104 0201 0303 0402 0102 0302 0303 0202 0101 0404 0101 0101 0101 0304 0303 0304 0203 0202 0101 0404 0403 0303 0402 0104 0403 0101 
13 , 0303 0201 0303 0403 0101 0403 0101 0402 0102 0401 0404 0404 0303 0204 0202 0101 0301 0104 0102 0202 0404 0303 0404 0202 0303 0301 0204 0404 0303 0101 0101 0204 0404 0404 0303 0402 0404 0303 0404 0104 0101 0301 0101 0101 0101 0202 0202 0204 0202 0101 0402 0303 0101 0202 0401 0101 0301 0202 0101 0302 0303 0202 0101 0403 0101 0101 0101 0404 0103 0403 0202 0202 0303 0404 0303 0103 0402 0404 0304 0401 
14 , 0303 0202 0202 0403 0404 0403 0101 0202 0101 0401 0403 0404 0203 0404 0201 0101 0103 0101 0201 0202 0204 0303 0402 0202 0303 0103 0402 0404 0103 0101 0101 0402 0404 0401 0303 0202 0304 0302 0402 0104 0101 0303 0101 0103 0101 0202 0202 0204 0303 0101 0204 0303 0201 0202 0104 0101 0303 0202 0201 0202 0303 0202 0101 0404 0102 0301 0401 0404 0301 0404 0202 0202 0303 0404 0404 0303 0402 0404 0404 0101 
15 , 0303 0101 0302 0303 0401 0303 0101 0402 0202 0104 0404 0404 0203 0404 0202 0101 0303 0101 0201 0203 0404 0303 0402 0202 0203 0101 0202 0404 0303 0101 0101 0402 0404 0104 0303 0202 0304 0302 0402 0404 0101 0303 0101 0103 0101 0202 0402 0204 0203 0401 0404 0303 0101 0202 0404 0101 0303 0202 0101 0202 0303 0202 0401 0403 0202 0101 0101 0404 0301 0304 0202 0202 0301 0403 0404 0301 0204 0404 0404 0101 
16 , 0303 0202 0303 0404 0401 0303 0101 0402 0202 0404 0304 0104 0302 0402 0201 0102 0301 0404 0101 0202 0404 0303 0204 0202 0303 0101 0404 0404 0301 0101 0301 0404 0404 0101 0303 0202 0304 0303 0404 0104 0101 0303 0401 0301 0101 0202 0202 0202 0303 0401 0404 0303 0101 0202 0101 0101 0103 0202 0101 0202 0303 0202 0101 0404 0101 0301 0401 0303 0101 0404 0203 0202 0103 0404 0303 0303 0202 0404 0404 0101 
17 , 0303 0202 0303 0403 0104 0404 0101 0402 0201 0404 0304 0404 0303 0404 0202 0101 0103 0101 0201 0202 0404 0303 0402 0102 0303 0101 0204 0404 0301 0201 0101 0204 0404 0404 0303 0202 0403 0302 0404 0401 0103 0101 0101 0103 0101 0203 0204 0204 0302 0101 0404 0303 0101 0202 0404 0101 0103 0202 0101 0202 0303 0202 0101 0404 0101 0101 0101 0404 0303 0303 0202 0202 0301 0304 0404 0303 0202 0404 0303 0104 
18 , 0303 0201 0303 0404 0104 0303 0101 0202 0202 0404 0404 0404 0303 0404 0201 0201 0101 0101 0201 0202 0404 0303 0402 0202 0303 0101 0404 0403 0101 0101 0101 0204 0404 0104 0303 0202 0303 0303 0404 0104 0101 0303 0101 0303 0101 0202 0404 0404 0302 0104 0402 0303 0101 0402 0404 0101 0303 0202 0101 0202 0303 0202 0101 0403 0102 0101 0101 0404 0303 0403 0202 0201 0101 0404 0404 0303 0402 0404 0304 0101 
19 , 0303 0201 0303 0403 0404 0403 0301 0202 0202 0404 0404 0104 0303 0404 0202 0201 0101 0401 0201 0202 0404 0303 0402 0202 0203 0101 0402 0404 0303 0201 0101 0204 0404 0104 0303 0202 0304 0303 0404 0101 0103 0301 0101 0303 0101 0202 0204 0402 0303 0104 0404 0303 0101 0202 0101 0101 0103 0402 0101 0202 0303 0204 0104 0304 0102 0101 0101 0404 0303 0404 0203 0202 0303 0404 0404 0103 0404 0404 0404 0104 
20 , 0303 0202 0303 0303 0404 0303 0101 0404 0202 0104 0304 0404 0203 0202 0102 0101 0101 0104 0101 0202 0404 0303 0404 0202 0203 0101 0204 0404 0301 0101 0101 0404 0404 0104 0303 0202 0403 0303 0404 0401 0101 0303 0104 0103 0101 0202 0402 0202 0303 0404 0404 0303 0101 0202 0101 0101 0303 0202 0101 0202 0302 0202 0401 0404 0201 0101 0101 0404 0103 0404 0203 0202 0301 0404 0304 0303 0202 0404 0404 0404 
21 , 0303 0201 0303 0404 0101 0303 0101 0202 0202 0404 0404 0404 0303 0404 0202 0201 0301 0101 0101 0202 0404 0303 0402 0102 0303 0103 0402 0403 0301 0101 0101 0204 0404 0104 0303 0402 0404 0303 0404 0401 0101 0303 0101 0303 0404 0202 0204 0402 0303 0401 0204 0304 0101 0202 0104 0102 0303 0402 0101 0302 0303 0202 0101 0304 0201 0101 0101 0403 0303 0304 0202 0202 0101 0303 0304 0303 0202 0404 0304 0101 
22 , 0303 0201 0303 0403 0101 0303 0101 0202 0202 0401 0404 0401 0303 0404 0202 0102 0101 0101 0201 0202 0404 0303 0404 0202 0303 0101 0402 0404 0303 0102 0101 0404 0404 0401 0303 0202 0303 0203 0404 0101 0101 0303 0101 0103 0101 0202 0204 0402 0203 0101 0404 0303 0101 0202 0104 0102 0303 0202 0101 0202 0303 0202 0101 0304 0101 0101 0101 0404 0301 0403 0302 0202 0101 0404 0404 0303 0202 0104 0404 0101 
23 , 0303 0201 0303 0403 0104 0403 0301 0402 0202 0104 0404 0401 0303 0204 0202 0202 0101 0101 0202 0202 0402 0303 0404 0202 0303 0101 0404 0404 0101 0101 0101 0404 0401 0404 0303 0202 0304 0303 0402 0101 0101 0103 0101 0101 0101 0202 0202 0202 0202 0104 0404 0303 0101 0202 0101 0101 0303 0202 0101 0202 0302 0202 0101 0304 0101 0101 0101 0404 0103 0403 0303 0202 0301 0404 0303 0303 0202 0404 0403 0101 
24 , 0303 0102 0203 0304 0101 0403 0101 0402 0102 0104 0304 0401 0303 0404 0201 0201 0101 0104 0101 0202 0404 0303 0402 0202 0203 0101 0402 0404 0101 0101 0101 0202 0404 0104 0303 0204 0404 0303 0204 0101 0101 0101 0101 0101 0101 0202 0202 0202 0202 0101 0404 0404 0101 0202 0401 0101 0303 0202 0101 0302 0303 0202 0401 0403 0101 0101 0101 0404 0303 0404 0203 0202 0101 0404 0304 0303 0202 0404 0403 0101 
25 , 0403 0202 0303 0404 0401 0303 0101 0202 0202 0404 0404 0404 0303 0204 0202 0201 0101 0401 0202 0202 0404 0303 0404 0202 0303 0103 0404 0404 0101 0101 0101 0404 0401 0104 0303 0202 0304 0303 0204 0101 0101 0301 0101 0303 0401 0202 0202 0202 0302 0404 0404 0303 0101 0204 0101 0101 0303 0202 0102 0202 0303 0202 0401 0404 0201 0103 0101 0404 0303 0403 0303 0102 0101 0403 0404 0303 0202 0404 0304 0101 
26 , 0304 0102 0303 0304 0101 0303 0103 0402 0202 0401 0404 0404 0302 0402 0101 0201 0103 0404 0102 0202 0404 0303 0404 0202 0303 0103 0404 0403 0101 0101 0103 0204 0404 0404 0303 0202 0404 0302 0404 0101 0101 0303 0101 0103 0401 0202 0202 0402 0303 0101 0404 0303 0101 0202 0101 0102 0303 0202 0101 0202 0303 0202 0101 0404 0101 0101 0101 0404 0303 0404 0302 0202 0101 0403 0403 0303 0402 0404 0303 0101 
27 , 0303 0202 0303 0304 0101 0303 0101 0202 0102 0404 0304 0404 0203 0404 0202 0101 0101 0101 0102 0203 0404 0303 0404 0202 0303 0101 0204 0404 0301 0101 0101 0204 0404 0101 0303 0402 0403 0303 0202 0101 0101 0101 0401 0301 0101 0202 0204 0202 0203 0101 0404 0303 0101 0402 0104 0101 0303 0202 0101 0202 0302 0204 0101 0404 0101 0101 0101 0403 0303 0404 0302 0202 0101 0304 0404 0303 0202 0104 0303 0404 
28 , 0303 0202 0303 0404 0101 0304 0103 0202 0101 0404 0404 0104 0203 0204 0202 0202 0301 0401 0102 0202 0404 0303 0402 0202 0303 0301 0204 0404 0301 0102 0301 0404 0404 0401 0303 0202 0404 0303 0404 0101 0101 0301 0101 0301 0401 0202 0404 0202 0203 0101 0404 0303 0101 0202 0404 0101 0303 0202 0201 0302 0203 0202 0101 0304 0101 0101 0101 0304 0103 0404 0302 0201 0301 0404 0404 0303 0202 0404 0304 0101 
29 , 0403 0101 0303 0304 0101 0303 0101 0202 0202 0404 0404 0104 0303 0204 0202 0201 0101 0101 0201 0202 0404 0303 0402 0202 0303 0303 0402 0403 0101 0101 0101 0404 0404 0404 0303 0402 0404 0203 0404 0401 0101 0303 0101 0103 0104 0202 0204 0404 0303 0101 0404 0303 0101 0204 0104 0102 0103 0202 0101 0202 0303 0202 0101 0304 0101 0101 0101 0403 0303 0403 0202 0202 0101 0404 0304 0303 0202 0404 0404 0104 
30 , 0303 0202 0303 0304 0104 0303 0101 0202 0102 0101 0303 0401 0303 0404 0101 0101 0101 0404 0101 0202 0404 0302 0404 0202 0303 0101 0204 0404 0103 0201 0101 0404 0404 0401 0303 0202 0403 0303 0404 0101 0101 0101 0101 0101 0101 0202 0202 0402 0202 0101 0404 0304 0101 0202 0101 0101 0303 0202 0201 0202 0203 0202 0401 0404 0102 0101 0101 0404 0301 0404 0302 0202 0301 0404 0303 0103 0202 0404 0304 0101 
31 , 0303 0201 0303 0404 0401 0403 0101 0202 0202 0104 0304 0404 0203 0202 0102 0201 0101 0104 0101 0302 0404 0302 0204 0202 0303 0101 0402 0403 0101 0101 0103 0404 0104 0404 0403 0202 0404 0303 0404 0401 0101 0301 0101 0303 0104 0202 0202 0402 0302 0101 0404 0303 0101 0202 0401 0101 0301 0202 0101 0203 0303 0202 0104 0403 0202 0101 0104 0404 0303 0404 0302 0202 0303 0403 0304 0303 0202 0104 0304 0101 
32 , 0403 0202 0303 0404 0101 0303 0101 0202 0202 0404 0404 0404 0303 0204 0102 0201 0101 0101 0201 0202 0404 0303 0404 0202 0303 0301 0402 0404 0101 0101 0101 0404 0404 0404 0303 0202 0403 0202 0404 0104 0101 0303 0101 0101 0101 0202 0402 0402 0303 0101 0404 0403 0101 0202 0104 0101 0103 0404 0102 0202 0303 0202 0104 0303 0101 0101 0104 0403 0303 0403 0303 0202 0101 0403 0404 0303 0202 0401 0304 0101 
33 , 0303 0202 0303 0404 0401 0303 0101 0202 0202 0401 0304 0404 0303 0402 0102 0101 0301 0401 0201 0202 0404 0303 0404 0102 0303 0101 0404 0404 0101 0101 0101 0404 0404 0404 0303 0202 0403 0203 0204 0101 0101 0301 0101 0303 0101 0202 0202 0202 0303 0101 0404 0304 0101 0202 0404 0101 0303 0202 0101 0303 0203 0202 0404 0304 0101 0101 0101 0404 0303 0404 0202 0202 0101 0403 0304 0303 0202 0404 0304 0401 
34 , 0303 0202 0303 0404 0404 0303 0101 0202 0202 0401 0404 0401 0302 0404 0102 0202 0301 0401 0201 0302 0404 0303 0202 0202 0303 0101 0402 0403 0101 0101 0101 0402 0404 0104 0304 0202 0404 0303 0404 0104 0101 0301 0101 0301 0101 0202 0204 0202 0302 0101 0404 0303 0101 0202 0401 0101 0303 0202 0102 0203 0303 0202 0101 0304 0101 0103 0104 0403 0303 0404 0203 0202 0101 0304 0403 0303 0202 0401 0404 0104 
35 , 0303 0201 0303 0403 0404 0404 0101 0402 0102 0104 0304 0404 0202 0404 0201 0101 0101 0104 0101 0202 0404 0303 0404 0202 0303 0101 0202 0404 0103 0101 0101 0202 0404 0404 0303 0202 0304 0302 0404 0101 0101 0303 0104 0103 0401 0202 0202 0202 0302 0101 0404 0303 0101 0202 0401 0101 0303 0202 0102 0302 0203 0202 0104 0404 0201 0301 0101 0404 0303 0403 0203 0202 0101 0404 0404 0303 0202 0404 0404 0101 
36 , 0303 0102 0203 0304 0401 0303 0101 0202 0202 0401 0303 0401 0303 0402 0101 0202 0303 0404 0101 0302 0404 0303 0404 0202 0303 0101 0402 0304 0301 0101 0101 0204 0404 0104 0303 0202 0403 0303 0404 0101 0301 0101 0101 0103 0101 0202 0402 0202 0302 0101 0404 0403 0101 0202 0101 0101 0303 0402 0102 0202 0302 0202 0104 0404 0102 0101 0101 0304 0303 0404 0303 0102 0101 0304 0303 0303 0202 0404 0404 0101 
37 , 0303 0202 0303 0303 0404 0303 0101 0202 0201 0104 0304 0404 0303 0404 0102 0201 0101 0101 0101 0202 0404 0303 0404 0202 0202 0101 0204 0404 0101 0101 0101 0202 0404 0404 0303 0202 0403 0303 0404 0101 0101 0301 0101 0303 0101 0203 0404 0202 0203 0101 0404 0303 0101 0204 0104 0101 0303 0202 0101 0202 0303 0402 0401 0404 0101 0101 0101 0404 0303 0403 0303 0202 0101 0404 0403 0303 0202 0404 0404 0401 
38 , 0303 0202 0303 0304 0101 0304 0101 0202 0202 0404 0404 0404 0303 0404 0102 0201 0101 0401 0101 0202 0404 0303 0404 0202 0303 0101 0404 0404 0301 0101 0101 0404 0404 0404 0303 0202 0404 0302 0404 0101 0101 0303 0101 0101 0101 0202 0202 0202 0302 0101 0404 0403 0101 0202 0101 0101 0303 0202 0101 0303 0302 0202 0101 0404 0101 0101 0101 0404 0303 0403 0202 0201 0101 0404 0404 0303 0202 0404 0304 0101 
39 , 0303 0201 0203 0404 0101 0303 0301 0202 0202 0401 0404 0401 0303 0404 0102 0102 0101 0101 0101 0202 0404 0203 0404 0201 0303 0101 0202 0404 0101 0101 0101 0402 0404 0404 0303 0202 0403 0203 0402 0101 0101 0301 0401 0303 0101 0203 0402 0404 0203 0401 0204 0304 0101 0202 0401 0101 0303 0202 0201 0202 0203 0202 0101 0403 0201 0103 0101 0404 0303 0304 0303 0202 0101 0404 0304 0303 0202 0404 0303 0401 
40 , 0303 0102 0303 0304 0101 0304 0101 0202 0201 0404 0304 0404 0303 0202 0202 0202 0101 0401 0101 0202 0404 0303 0402 0202 0303 0103 0404 0304 0301 0101 0101 0204 0401 0401 0303 0204 0404 0303 0202 0101 0101 0303 0101 0303 0101 0202 0202 0202 0303 0101 0404 0404 0101 0202 0101 0101 0303 0404 0101 0302 0303 0202 0101 0404 0202 0101 0104 0403 0301 0404 0303 0202 0101 0404 0404 0303 0202 0401 0304 0104 
41 , 0303 0202 0302 0304 0101 0304 0301 0202 0101 0101 0404 0404 0303 0204 0102 0102 0103 0401 0102 0202 0404 0303 0404 0201 0303 0103 0404 0404 0101 0102 0101 0404 0404 0401 0303 0202 0403 0303 0204 0104 0101 0101 0101 0103 0101 0202 0202 0402 0203 0101 0202 0403 0101 0204 0101 0101 0303 0202 0201 0302 0303 0402 0401 0304 0102 0101 0101 0404 0303 0404 0203 0202 0101 0404 0304 0303 0202 0401 0403 0101 
42 , 0303 0102 0303 0404 0104 0403 0101 0404 0202 0104 0404 0404 0303 0402 0102 0202 0101 0101 0101 0203 0404 0303 0402 0202 0303 0101 0202 0404 0101 0101 0101 0202 0404 0404 0303 0202 0404 0302 0404 0101 0101 0303 0101 0303 0401 0203 0202 0402 0303 0101 0404 0303 0101 0202 0401 0101 0303 0202 0101 0302 0303 0202 0401 0404 0102 0101 0101 0404 0303 0403 0303 0202 0301 0404 0403 0303 0404 0404 0304 0404 
43 , 0303 0201 0203 0404 0401 0303 0101 0202 0202 0401 0404 0401 0203 0404 0202 0102 0303 0101 0201 0202 0404 0303 0404 0102 0303 0101 0404 0304 0301 0201 0101 0402 0404 0401 0303 0202 0404 0302 0204 0104 0101 0101 0101 0103 0101 0202 0202 0404 0203 0401 0404 0304 0101 0202 0101 0101 0303 0204 0101 0202 0203 0202 0101 0304 0101 0101 0101 0404 0303 0304 0203 0202 0301 0304 0404 0303 0204 0404 0404 0101 
44 , 0303 0202 0203 0403 0404 0303 0101 0202 0202 0101 0404 0401 0303 0204 0202 0101 0301 0101 0101 0202 0404 0303 0404 0202 0303 0103 0204 0403 0301 0101 0101 0404 0404 0101 0303 0202 0304 0202 0404 0104 0301 0301 0101 0301 0101 0203 0404 0402 0303 0101 0404 0303 0101 0202 0104 0101 0303 0204 0101 0302 0302 0202 0401 0404 0101 0101 0101 0404 0303 0404 0202 0202 0101 0304 0403 0301 0204 0404 0304 0101 
45 , 0303 0202 0302 0303 0104 0403 0101 0202 0202 0104 0403 0404 0303 0404 0101 0101 0101 0101 0101 0203 0404 0303 0404 0202 0303 0101 0404 0303 0103 0101 0101 0404 0104 0401 0303 0402 0303 0303 0404 0101 0101 0103 0101 0303 0101 0202 0404 0202 0202 0101 0404 0403 0101 0202 0104 0101 0303 0202 0101 0202 0303 0202 0101 0303 0101 0101 0101 0404 0303 0403 0202 0202 0101 0403 0303 0303 0202 0104 0404 0104 
46 , 0303 0202 0303 0303 0101 0303 0303 0202 0202 0401 0404 0404 0303 0404 0202 0102 0101 0101 0201 0202 0404 0303 0404 0201 0303 0301 0204 0404 0101 0101 0101 0204 0404 0401 0303 0202 0404 0303 0404 0101 0101 0301 0101 0103 0101 0202 0202 0204 0302 0101 0404 0303 0102 0202 0104 0101 0303 0402 0102 0203 0303 0202 0404 0404 0101 0101 0101 0404 0303 0404 0203 0202 0101 0304 0304 0303 0202 0404 0404 0104 
47 , 0303 0101 0303 0403 0101 0304 0101 0202 0202 0401 0303 0401 0303 0404 0102 0202 0101 0401 0101 0202 0404 0303 0204 0202 0303 0101 0402 0304 0303 0101 0101 0202 0404 0104 0303 0202 0403 0302 0404 0101 0101 0101 0101 0103 0101 0202 0202 0202 0303 0104 0404 0403 0101 0202 0101 0101 0103 0202 0101 0302 0303 0202 0104 0304 0101 0101 0101 0404 0303 0304 0202 0202 0103 0404 0403 0303 0202 0404 0304 0101 
48 , 0303 0202 0303 0304 0401 0403 0101 0202 0201 0404 0404 0104 0303 0404 0202 0102 0301 0101 0102 0202 0404 0303 0204 0202 0303 0101 0402 0404 0103 0102 0101 0204 0404 0104 0303 0202 0403 0203 0402 0104 0101 0301 0104 0301 0401 0202 0202 0404 0203 0404 0404 0303 0101 0204 0101 0101 0303 0202 0201 0202 0303 0202 0101 0304 0101 0103 0104 0404 0301 0403 0202 0202 0101 0404 0304 0303 0204 0404 0404 0101 
49 , 0303 0202 0303 0303 0404 0303 0101 0204 0202 0401 0404 0404 0303 0404 0201 0202 0101 0104 0102 0202 0204 0303 0404 0202 0203 0101 0404 0403 0103 0101 0101 0404 0404 0101 0303 0204 0304 0303 0404 0404 0301 0103 0101 0303 0101 0202 0402 0404 0302 0101 0404 0303 0102 0202 0104 0201 0303 0202 0101 0202 0202 0202 0101 0403 0102 0101 0401 0403 0301 0404 0302 0202 0301 0403 0403 0303 0202 0401 0404 0101 
50 , 0303 0102 0303 0403 0101 0303 0101 0202 0202 0404 0403 0404 0303 0402 0102 0102 0101 0101 0102 0302 0404 0303 0404 0102 0303 0101 0204 0404 0301 0101 0101 0204 0401 0404 0303 0204 0403 0302 0402 0101 0101 0103 0101 0301 0101 0202 0202 0202 0302 0104 0404 0304 0101 0202 0104 0101 0303 0202 0101 0202 0303 0202 0401 0304 0101 0103 0101 0404 0303 0404 0203 0202 0103 0404 0403 0303 0202 0401 0404 0401 
51 , 0303 0202 0303 0304 0101 0304 0101 0202 0202 0404 0404 0404 0303 0402 0202 0102 0301 0101 0201 0202 0404 0303 0204 0202 0302 0101 0404 0404 0301 0201 0103 0204 0404 0404 0303 0202 0403 0203 0404 0101 0101 0103 0101 0103 0401 0302 0202 0402 0202 0101 0404 0303 0101 0202 0104 0101 0303 0202 0101 0202 0303 0202 0101 0404 0101 0101 0101 0404 0303 0403 0302 0202 0101 0304 0403 0303 0202 0404 0403 0101 
52 , 0303 0202 0303 0303 0104 0303 0101 0202 0201 0404 0304 0404 0303 0404 0202 0201 0103 0401 0201 0202 0204 0303 0404 0201 0302 0301 0404 0404 0101 0101 0101 0402 0404 0401 0303 0202 0403 0303 0404 0101 0101 0101 0101 0103 0101 0202 0204 0402 0303 0401 0404 0303 0101 0204 0404 0101 0303 0202 0101 0202 0302 0202 0104 0304 0201 0101 0101 0404 0303 0404 0203 0202 0101 0304 0303 0303 0202 0404 0304 0101 
53 , 0303 0101 0303 0304 0104 0303 0101 0202 0202 0101 0404 0404 0302 0404 0102 0102 0101 0101 0201 0202 0402 0303 0404 0202 0303 0103 0204 0403 0101 0102 0103 0204 0404 0404 0303 0202 0404 0303 0404 0104 0101 0301 0101 0301 0401 0202 0402 0202 0202 0101 0404 0303 0102 0202 0104 0101 0303 0202 0101 0303 0302 0402 0401 0404 0101 0101 0101 0403 0303 0404 0302 0202 0101 0404 0404 0303 0402 0401 0404 0101 
54 , 0303 0202 0303 0403 0101 0303 0101 0202 0202 0404 0403 0401 0303 0404 0202 0101 0101 0401 0101 0202 0404 0303 0202 0202 0203 0101 0404 0403 0101 0101 0101 0402 0404 0404 0303 0202 0404 0303 0404 0101 0101 0303 0101 0301 0101 0202 0402 0202 0202 0101 0402 0304 0102 0402 0401 0101 0303 0204 0102 0202 0202 0402 0101 0403 0101 0101 0101 0404 0303 0303 0303 0202 0101 0404 0404 0303 0202 0404 0404 0101 
55 , 0304 0201 0303 0304 0101 0403 0303 0204 0202 0404 0404 0404 0303 0402 0201 0102 0103 0104 0202 0202 0404 0303 0404 0202 0302 0101 0404 0403 0301 0101 0103 0402 0404 0404 0303 0202 0404 0203 0402 0401 0101 0303 0101 0301 0101 0202 0202 0402 0203 0101 0404 0304 0101 0202 0104 0101 0303 0402 0101 0302 0303 0202 0401 0304 0101 0103 0101 0404 0303 0303 0203 0102 0101 0304 0403 0303 0202 0104 0303 0401 
56 , 0303 0202 0303 0404 0104 0303 0101 0202 0202 0404 0404 0104 0302 0404 0202 0202 0101 0101 0201 0203 0404 0303 0404 0102 0303 0301 0404 0403 0101 0201 0303 0202 0404 0404 0303 0202 0404 0303 0404 0101 0101 0303 0101 0103 0104 0202 0204 0202 0203 0104 0404 0403 0101 0202 0104 0101 0303 0402 0101 0302 0303 0202 0404 0403 0101 0101 0101 0404 0301 0404 0303 0202 0101 0304 0404 0303 0202 0404 0403 0101 
57 , 0403 0202 0303 0404 0401 0303 0101 0202 0201 0404 0404 0401 0203 0402 0101 0101 0101 0101 0101 0202 0402 0303 0402 0102 0302 0301 0404 0404 0101 0101 0101 0204 0404 0101 0303 0202 0403 0303 0404 0401 0101 0303 0101 0303 0101 0202 0204 0402 0202 0101 0204 0304 0101 0204 0104 0101 0303 0202 0101 0202 0203 0202 0401 0404 0101 0101 0101 0404 0303 0403 0203 0202 0101 0303 0403 0303 0204 0404 0404 0101 
58 , 0303 0202 0303 0403 0104 0303 0101 0202 0201 0401 0304 0401 0303 0404 0202 0101 0301 0101 0201 0302 0404 0303 0404 0201 0303 0101 0404 0304 0101 0101 0101 0404 0404 0401 0303 0202 0404 0203 0404 0101 0301 0301 0101 0303 0401 0202 0204 0204 0303 0101 0204 0303 0101 0202 0404 0101 0303 0202 0201 0203 0303 0202 0104 0303 0101 0101 0101 0304 0103 0404 0203 0202 0101 0404 0304 0303 0204 0404 0304 0401 
59 , 0303 0202 0303 0403 0104 0303 0101 0202 0202 0404 0304 0404 0303 0404 0202 0201 0301 0101 0201 0202 0404 0303 0404 0202 0303 0301 0202 0304 0101 0101 0101 0402 0401 0104 0303 0202 0403 0203 0404 0101 0301 0303 0101 0301 0401 0202 0204 0202 0302 0104 0204 0403 0101 0202 0404 0101 0303 0202 0101 0202 0302 0202 0104 0304 0101 0101 0101 0404 0103 0404 0203 0202 0101 0404 0404 0303 0202 0404 0303 0401 
60 , 0303 0102 0303 0404 0104 0303 0101 0202 0202 0404 0404 0404 0302 0404 0201 0101 0101 0104 0102 0202 0204 0303 0204 0202 0202 0101 0404 0403 0101 0101 0101 0404 0404 0404 0303 0202 0404 0303 0404 0401 0101 0103 0101 0101 0101 0202 0204 0204 0303 0101 0404 0303 0101 0202 0401 0101 0303 0202 0102 0302 0303 0202 0401 0303 0201 0103 0101 0404 0303 0404 0302 0101 0101 0403 0304 0303 0202 0404 0304 0401 
61 , 0403 0202 0302 0303 0104 0303 0101 0202 0202 0404 0404 0401 0303 0404 0202 0101 0101 0104 0201 0202 0404 0303 0404 0202 0203 0303 0404 0303 0101 0101 0301 0204 0404 0101 0303 0202 0303 0302 0202 0404 0101 0101 0101 0101 0101 0203 0204 0402 0203 0104 0404 0303 0201 0202 0101 0101 0303 0204 0101 0203 0302 0204 0101 0304 0201 0101 0101 0404 0303 0404 0302 0202 0301 0404 0403 0303 0202 0404 0404 0101 
62 , 0303 0202 0303 0304 0104 0304 0301 0202 0102 0404 0404 0404 0303 0402 0201 0201 0101 0101 0201 0202 0404 0303 0402 0202 0303 0101 0404 0404 0301 0102 0101 0404 0404 0401 0303 0202 0403 0203 0404 0104 0101 0303 0101 0303 0101 0202 0402 0404 0203 0104 0404 0303 0101 0202 0104 0101 0303 0202 0201 0302 0303 0202 0404 0304 0101 0101 0101 0404 0301 0403 0203 0102 0101 0304 0303 0303 0202 0104 0303 0104 
63 , 0304 0201 0303 0303 0101 0303 0301 0202 0202 0404 0404 0401 0303 0404 0201 0102 0103 0101 0101 0202 0404 0303 0404 0202 0303 0101 0404 0404 0303 0102 0101 0404 0404 0404 0403 0202 0403 0203 0404 0101 0101 0303 0101 0303 0101 0202 0204 0404 0203 0101 0404 0303 0101 0202 0104 0101 0303 0402 0201 0303 0303 0202 0101 0304 0101 0103 0101 0404 0303 0403 0202 0102 0103 0303 0404 0303 0202 0104 0304 0101 
64 , 0303 0202 0303 0403 0104 0304 0101 0202 0201 0404 0304 0404 0303 0204 0102 0102 0103 0101 0201 0202 0402 0303 0402 0202 0303 0303 0404 0404 0301 0101 0101 0204 0404 0404 0303 0402 0403 0302 0404 0401 0101 0303 0101 0301 0104 0302 0404 0402 0302 0401 0404 0303 0101 0202 0101 0101 0303 0202 0101 0302 0303 0402 0101 0404 0102 0301 0101 0404 0303 0403 0202 0202 0103 0304 0404 0303 0402 0404 0303 0401 
65 , 0303 0202 0303 0404 0101 0303 0103 0202 0201 0101 0304 0404 0303 0402 0202 0101 0103 0401 0101 0202 0404 0303 0204 0202 0303 0301 0204 0303 0101 0201 0103 0204 0401 0404 0403 0202 0303 0302 0404 0101 0101 0303 0401 0103 0401 0202 0202 0202 0202 0101 0204 0303 0101 0202 0101 0201 0303 0202 0101 0202 0303 0202 0101 0404 0102 0101 0101 0404 0303 0403 0203 0202 0103 0303 0404 0303 0202 0404 0303 0101 
66 , 0303 0201 0303 0303 0101 0303 0103 0202 0202 0404 0404 0104 0303 0204 0202 0101 0101 0101 0202 0202 0404 0303 0404 0202 0302 0101 0204 0404 0101 0201 0101 0404 0404 0404 0303 0402 0404 0302 0204 0101 0101 0303 0101 0103 0101 0202 0204 0402 0303 0101 0404 0303 0101 0202 0101 0101 0103 0202 0101 0203 0303 0202 0104 0404 0101 0103 0101 0404 0303 0404 0302 0202 0301 0404 0404 0303 0204 0404 0404 0101 
67 , 0304 0202 0203 0403 0401 0404 0101 0202 0201 0404 0304 0404 0303 0404 0202 0101 0103 0104 0201 0202 0204 0303 0404 0202 0302 0103 0404 0404 0101 0101 0101 0404 0404 0404 0303 0202 0304 0303 0404 0101 0101 0303 0101 0103 0101 0203 0202 0402 0303 0104 0404 0303 0101 0204 0404 0101 0303 0202 0201 0202 0302 0202 0101 0404 0101 0101 0401 0404 0303 0404 0203 0202 0101 0403 0403 0303 0402 0404 0404 0101 
68 , 0303 0202 0303 0404 0101 0303 0101 0202 0202 0401 0404 0404 0203 0404 0202 0101 0101 0104 0201 0202 0404 0303 0402 0202 0303 0101 0404 0404 0101 0101 0101 0204 0404 0401 0303 0402 0303 0303 0404 0404 0101 0103 0101 0303 0101 0202 0204 0404 0302 0101 0404 0304 0201 0202 0101 0101 0303 0202 0201 0203 0303 0202 0401 0304 0101 0101 0101 0304 0303 0403 0302 0102 0101 0404 0304 0303 0202 0104 0403 0404 
69 , 0303 0202 0303 0304 0401 0404 0101 0202 0201 0404 0404 0404 0303 0204 0202 0202 0301 0401 0101 0202 0404 0303 0202 0202 0303 0101 0204 0404 0301 0101 0101 0404 0401 0104 0303 0204 0404 0303 0404 0401 0101 0103 0101 0103 0101 0202 0202 0202 0203 0401 0404 0403 0101 0202 0101 0101 0303 0202 0101 0302 0303 0202 0401 0404 0101 0101 0104 0403 0301 0304 0203 0202 0101 0304 0403 0303 0202 0401 0304 0101 
70 , 0303 0202 0303 0303 0104 0304 0101 0202 0201 0404 0404 0404 0303 0404 0202 0201 0101 0404 0201 0202 0204 0303 0404 0201 0303 0101 0404 0404 0301 0101 0101 0404 0404 0401 0303 0202 0403 0303 0204 0101 0101 0103 0101 0103 0101 0202 0204 0404 0303 0404 0404 0303 0101 0204 0404 0101 0303 0202 0101 0202 0303 0202 0104 0404 0201 0101 0101 0404 0303 0404 0203 0202 0101 0403 0303 0303 0202 0404 0404 0101 
71 , 0303 0202 0303 0404 0101 0303 0101 0202 0202 0404 0404 0404 0303 0402 0202 0102 0101 0401 0101 0202 0404 0303 0402 0202 0302 0103 0404 0404 0101 0102 0101 0204 0401 0104 0303 0202 0403 0303 0402 0101 0101 0301 0101 0101 0401 0203 0202 0202 0203 0101 0404 0304 0101 0202 0401 0101 0303 0204 0101 0202 0303 0202 0101 0403 0101 0101 0101 0403 0103 0404 0203 0202 0301 0304 0403 0303 0402 0404 0404 0404 
72 , 0303 0201 0303 0403 0101 0303 0101 0402 0202 0404 0403 0104 0303 0202 0201 0102 0301 0401 0101 0202 0404 0303 0402 0202 0203 0101 0404 0403 0103 0101 0103 0404 0404 0404 0303 0202 0304 0303 0404 0101 0101 0303 0101 0303 0101 0202 0404 0202 0302 0104 0404 0303 0101 0402 0401 0101 0303 0202 0101 0302 0303 0202 0401 0304 0201 0101 0101 0403 0301 0404 0202 0202 0103 0303 0304 0303 0202 0401 0404 0101 
73 , 0303 0202 0303 0304 0104 0303 0101 0202 0202 0404 0404 0404 0303 0204 0202 0201 0101 0104 0101 0202 0404 0303 0402 0202 0303 0101 0404 0404 0101 0101 0101 0404 0404 0101 0303 0202 0404 0203 0404 0101 0301 0103 0101 0303 0101 0202 0402 0204 0202 0101 0404 0403 0101 0202 0101 0101 0303 0202 0101 0202 0303 0202 0101 0303 0101 0101 0101 0404 0303 0404 0202 0202 0101 0304 0403 0301 0204 0404 0404 0104 
74 , 0303 0202 0303 0403 0104 0303 0101 0202 0202 0101 0404 0404 0302 0204 0102 0202 0101 0404 0102 0202 0404 0303 0404 0202 0203 0101 0404 0404 0103 0101 0101 0204 0404 0104 0303 0402 0304 0303 0402 0101 0101 0303 0101 0103 0104 0202 0402 0202 0202 0401 0404 0303 0101 0202 0101 0101 0303 0202 0201 0202 0303 0204 0401 0404 0101 0101 0104 0404 0103 0304 0202 0202 0103 0404 0404 0103 0202 0404 0403 0401 
75 , 0303 0102 0303 0403 0101 0304 0101 0202 0201 0104 0404 0404 0303 0402 0201 0101 0101 0104 0101 0202 0404 0303 0404 0102 0303 0103 0404 0403 0303 0101 0303 0204 0404 0104 0303 0402 0403 0303 0404 0401 0101 0303 0101 0301 0101 0202 0204 0402 0202 0101 0402 0303 0101 0202 0104 0101 0303 0202 0101 0202 0303 0202 0104 0304 0101 0101 0101 0404 0303 0304 0202 0202 0301 0303 0303 0303 0202 0404 0304 0101 
76 , 0303 0201 0303 0404 0401 0403 0101 0202 0102 0404 0304 0404 0303 0402 0202 0201 0103 0101 0201 0202 0404 0303 0404 0202 0303 0103 0404 0304 0101 0102 0101 0402 0404 0401 0303 0204 0403 0203 0404 0101 0101 0303 0101 0301 0401 0202 0202 0202 0203 0101 0404 0304 0101 0402 0101 0102 0103 0204 0101 0303 0303 0202 0101 0404 0102 0101 0101 0404 0303 0404 0303 0202 0301 0304 0404 0303 0202 0104 0304 0101 
77 , 0303 0202 0303 0304 0404 0303 0101 0202 0202 0404 0303 0404 0303 0404 0201 0201 0103 0104 0101 0202 0402 0302 0404 0202 0203 0101 0404 0404 0103 0101 0101 0404 0404 0104 0303 0402 0403 0303 0204 0401 0101 0303 0101 0301 0101 0202 0204 0402 0202 0401 0404 0304 0101 0204 0101 0101 0303 0202 0101 0202 0303 0202 0401 0403 0201 0101 0101 0403 0103 0404 0302 0202 0101 0303 0303 0303 0202 0404 0404 0401 
78 , 0303 0102 0303 0404 0101 0303 0101 0202 0202 0401 0404 0404 0303 0202 0101 0202 0101 0101 0201 0202 0404 0303 0404 0101 0302 0301 0404 0404 0101 0101 0101 0204 0404 0404 0303 0202 0403 0203 0204 0101 0101 0303 0101 0101 0101 0202 0204 0402 0302 0101 0404 0403 0101 0202 0104 0101 0303 0402 0101 0302 0303 0202 0101 0304 0101 0101 0101 0404 0301 0403 0203 0202 0301 0303 0404 0303 0202 0404 0403 0101 
79 , 0303 0102 0303 0404 0401 0403 0101 0202 0202 0401 0304 0404 0302 0402 0202 0102 0101 0401 0101 0202 0404 0303 0204 0201 0203 0303 0404 0404 0301 0101 0101 0404 0404 0404 0303 0202 0404 0303 0404 0101 0101 0303 0101 0303 0101 0202 0202 0202 0302 0401 0404 0303 0101 0202 0104 0101 0303 0202 0101 0202 0303 0202 0401 0404 0101 0103 0401 0404 0301 0403 0203 0102 0101 0403 0303 0303 0202 0404 0403 0101 
80 , 0303 0202 0303 0304 0401 0304 0101 0202 0202 0101 0404 0404 0202 0402 0102 0202 0101 0101 0201 0202 0204 0203 0404 0201 0302 0101 0404 0404 0101 0101 0101 0404 0404 0404 0303 0202 0404 0203 0404 0101 0101 0303 0101 0301 0101 0202 0202 0202 0302 0101 0204 0303 0101 0202 0404 0101 0303 0202 0101 0302 0203 0202 0101 0404 0201 0103 0101 0404 0301 0303 0303 0202 0101 0404 0403 0303 0202 0404 0303 0101 
81 , 0303 0202 0302 0304 0401 0303 0101 0202 0201 0104 0404 0404 0303 0404 0202 0202 0103 0101 0101 0202 0404 0303 0404 0201 0303 0101 0404 0404 0101 0101 0101 0202 0404 0401 0303 0202 0404 0302 0404 0104 0101 0103 0101 0303 0101 0202 0402 0202 0302 0101 0404 0303 0202 0204 0101 0101 0303 0202 0102 0203 0303 0202 0101 0404 0101 0103 0101 0404 0301 0403 0202 0202 0103 0304 0304 0303 0202 0404 0404 0101 
82 , 0303 0102 0302 0403 0101 0303 0101 0202 0202 0401 0403 0404 0303 0404 0101 0202 0101 0104 0201 0202 0404 0303 0204 0202 0203 0301 0404 0404 0101 0101 0101 0402 0404 0101 0303 0204 0404 0303 0404 0101 0101 0303 0401 0103 0101 0202 0202 0204 0302 0101 0404 0403 0102 0202 0101 0101 0303 0402 0201 0202 0302 0202 0101 0404 0202 0101 0101 0304 0303 0404 0302 0202 0101 0403 0303 0303 0202 0404 0404 0401 
83 , 0303 0202 0303 0403 0101 0403 0101 0204 0202 0404 0404 0404 0302 0404 0102 0202 0101 0401 0101 0202 0404 0303 0404 0201 0303 0101 0204 0404 0101 0201 0101 0402 0401 0404 0303 0202 0303 0303 0204 0101 0101 0301 0101 0303 0101 0202 0402 0202 0202 0104 0404 0303 0101 0202 0404 0101 0303 0202 0102 0202 0203 0402 0101 0404 0101 0101 0104 0404 0301 0304 0302 0202 0103 0403 0404 0303 0202 0404 0404 0101 
84 , 0303 0201 0303 0403 0104 0403 0101 0202 0202 0404 0304 0404 0303 0404 0102 0102 0103 0401 0101 0202 0404 0303 0204 0201 0203 0101 0402 0404 0103 0101 0101 0402 0404 0401 0303 0202 0403 0203 0402 0101 0301 0103 0101 0101 0101 0202 0202 0202 0202 0101 0404 0303 0101 0202 0101 0101 0303 0402 0102 0302 0303 0402 0404 0404 0101 0101 0101 0404 0303 0403 0303 0202 0101 0404 0404 0103 0204 0404 0404 0101 
85 , 0303 0201 0303 0403 0104 0403 0101 0402 0202 0404 0404 0404 0303 0404 0202 0102 0301 0401 0201 0202 0404 0303 0404 0202 0303 0101 0402 0404 0101 0201 0101 0404 0404 0401 0303 0202 0404 0203 0202 0101 0101 0303 0101 0301 0101 0202 0202 0402 0302 0404 0404 0303 0101 0202 0401 0101 0303 0202 0102 0302 0202 0202 0404 0304 0101 0101 0101 0404 0303 0403 0203 0202 0101 0403 0304 0303 0402 0404 0304 0401 
86 , 0303 0201 0303 0404 0101 0303 0101 0202 0202 0104 0304 0401 0303 0204 0102 0101 0101 0401 0101 0302 0404 0303 0204 0201 0203 0101 0204 0304 0101 0101 0101 0202 0404 0401 0403 0202 0304 0303 0402 0404 0101 0301 0401 0103 0401 0202 0202 0202 0203 0101 0204 0303 0201 0202 0401 0101 0303 0204 0201 0202 0303 0202 0401 0404 0101 0101 0101 0404 0303 0404 0203 0202 0101 0404 0304 0303 0204 0404 0303 0101 
87 , 0403 0101 0303 0404 0101 0404 0101 0202 0202 0104 0403 0401 0303 0404 0102 0102 0101 0104 0101 0202 0404 0303 0404 0201 0303 0101 0404 0404 0103 0101 0101 0204 0104 0404 0303 0204 0303 0303 0404 0101 0103 0303 0104 0301 0101 0202 0404 0202 0203 0401 0404 0403 0101 0202 0404 0101 0303 0202 0201 0202 0303 0202 0101 0403 0201 0103 0101 0404 0103 0403 0202 0202 0103 0304 0404 0303 0202 0101 0304 0101 
88 , 0404 0102 0302 0404 0104 0403 0101 0202 0102 0404 0404 0404 0303 0404 0202 0102 0103 0104 0101 0202 0404 0303 0202 0202 0303 0301 0404 0404 0101 0101 0101 0402 0404 0101 0303 0202 0403 0302 0404 0101 0101 0303 0101 0103 0101 0202 0202 0202 0303 0101 0402 0403 0102 0202 0101 0101 0303 0202 0101 0202 0303 0202 0101 0404 0202 0101 0104 0303 0103 0403 0302 0202 0101 0404 0404 0303 0204 0404 0403 0401 
89 , 0303 0202 0303 0404 0101 0303 0101 0204 0202 0404 0404 0104 0302 0404 0202 0201 0101 0101 0102 0202 0404 0303 0402 0202 0303 0301 0404 0404 0301 0101 0101 0204 0404 0104 0303 0202 0404 0203 0404 0101 0101 0303 0101 0103 0101 0302 0202 0204 0303 0104 0404 0303 0101 0202 0101 0101 0303 0202 0101 0202 0303 0202 0104 0304 0101 0301 0101 0404 0303 0404 0302 0201 0101 0304 0403 0103 0402 0404 0304 0101 
90 , 0303 0201 0303 0403 0101 0303 0101 0204 0202 0404 0404 0401 0303 0402 0202 0102 0103 0101 0101 0202 0404 0303 0402 0202 0303 0301 0402 0404 0103 0201 0101 0204 0401 0104 0303 0202 0304 0303 0404 0101 0101 0303 0101 0103 0101 0302 0202 0204 0303 0101 0404 0303 0101 0202 0101 0102 0303 0402 0101 0202 0303 0202 0101 0303 0101 0101 0101 0404 0303 0404 0302 0202 0301 0303 0404 0303 0402 0404 0404 0101 
91 , 0403 0202 0303 0403 0404 0303 0301 0202 0102 0401 0304 0104 0303 0404 0202 0202 0101 0401 0202 0202 0402 0303 0204 0202 0203 0101 0404 0404 0303 0102 0101 0202 0404 0104 0303 0202 0304 0303 0402 0101 0101 0303 0101 0103 0101 0202 0202 0404 0302 0101 0404 0304 0101 0202 0101 0101 0103 0202 0101 0202 0303 0404 0104 0304 0102 0101 0101 0404 0103 0404 0203 0202 0101 0403 0304 0103 0402 0404 0404 0104 
92 , 0303 0202 0303 0303 0101 0403 0103 0204 0202 0404 0404 0404 0203 0202 0201 0102 0101 0104 0101 0202 0404 0302 0402 0202 0303 0101 0402 0404 0101 0101 0101 0202 0404 0104 0303 0204 0304 0303 0404 0101 0101 0101 0101 0301 0101 0202 0202 0402 0302 0401 0404 0303 0101 0202 0401 0101 0301 0202 0102 0302 0303 0202 0401 0403 0101 0101 0101 0404 0303 0403 0303 0202 0301 0404 0404 0303 0202 0404 0303 0101 
93 , 0303 0201 0303 0303 0401 0303 0101 0202 0201 0404 0304 0104 0302 0404 0201 0201 0101 0404 0101 0202 0404 0303 0404 0202 0302 0103 0404 0404 0301 0201 0303 0204 0404 0404 0303 0202 0303 0303 0404 0101 0101 0301 0101 0103 0101 0202 0204 0404 0202 0101 0404 0303 0101 0202 0104 0101 0103 0402 0101 0202 0303 0404 0104 0303 0101 0101 0101 0404 0303 0404 0203 0202 0101 0404 0404 0103 0402 0401 0304 0101 
94 , 0303 0102 0303 0403 0401 0304 0101 0202 0202 0104 0404 0401 0203 0404 0201 0202 0101 0404 0201 0202 0404 0303 0402 0201 0303 0101 0402 0404 0303 0101 0101 0404 0404 0104 0303 0202 0303 0303 0404 0104 0101 0303 0401 0301 0104 0202 0402 0202 0202 0101 0404 0303 0101 0202 0401 0102 0303 0204 0102 0202 0302 0202 0101 0304 0102 0101 0101 0404 0303 0404 0202 0202 0103 0403 0404 0101 0202 0404 0404 0101 
95 , 0403 0202 0303 0303 0101 0403 0101 0402 0202 0104 0404 0401 0303 0204 0202 0202 0103 0101 0202 0202 0404 0303 0402 0202 0303 0101 0204 0404 0301 0201 0101 0404 0404 0104 0303 0202 0404 0303 0404 0104 0101 0101 0101 0103 0101 0202 0402 0404 0303 0101 0404 0303 0101 0202 0101 0102 0303 0202 0101 0302 0303 0202 0101 0304 0101 0101 0101 0404 0303 0404 0302 0202 0301 0403 0404 0303 0202 0404 0404 0101 
96 , 0403 0202 0303 0404 0101 0403 0101 0202 0202 0404 0404 0404 0303 0402 0202 0101 0101 0101 0102 0203 0404 0303 0204 0202 0303 0301 0404 0404 0101 0201 0101 0404 0404 0401 0303 0202 0304 0303 0404 0101 0103 0101 0101 0101 0104 0202 0202 0202 0303 0101 0404 0403 0101 0202 0101 0101 0303 0202 0101 0203 0303 0202 0101 0403 0102 0101 0101 0403 0103 0404 0302 0202 0101 0404 0304 0303 0202 0404 0404 0101 
97 , 0303 0102 0303 0403 0401 0403 0301 0402 0202 0404 0404 0404 0203 0404 0201 0202 0101 0401 0202 0202 0404 0302 0404 0201 0303 0101 0404 0404 0101 0201 0101 0404 0404 0404 0303 0202 0404 0203 0204 0101 0101 0101 0101 0101 0101 0202 0204 0204 0303 0401 0404 0303 0101 0202 0104 0101 0303 0204 0102 0203 0303 0202 0404 0304 0201 0101 0101 0404 0303 0304 0203 0201 0101 0404 0303 0303 0202 0401 0304 0104 
98 , 0303 0202 0303 0404 0101 0304 0101 0202 0202 0104 0304 0404 0302 0404 0201 0102 0101 0101 0201 0202 0404 0303 0404 0202 0303 0301 0402 0404 0301 0102 0101 0202 0404 0104 0403 0204 0404 0203 0404 0404 0101 0303 0101 0101 0101 0302 0404 0202 0303 0101 0404 0303 0101 0202 0401 0101 0303 0202 0101 0203 0303 0202 0101 0304 0101 0301 0101 0404 0303 0404 0302 0202 0101 0304 0403 0303 0402 0404 0403 0404 
99 , 0304 0202 0303 0304 0104 0304 0101 0202 0202 0404 0304 0404 0302 0404 0202 0202 0101 0401 0101 0202 0204 0303 0402 0201 0303 0101 0404 0404 0101 0101 0101 0404 0404 0404 0303 0202 0403 0302 0404 0101 0101 0101 0101 0101 0101 0203 0204 0404 0302 0401 0404 0303 0101 0202 0401 0101 0303 0202 0101 0302 0303 0202 0101 0404 0202 0101 0101 0404 0303 0403 0202 0202 0101 0304 0303 0303 0202 0404 0304 0104 
100 , 0403 0202 0302 0304 0104 0304 0101 0202 0201 0404 0404 0104 0303 0404 0201 0202 0101 0101 0201 0202 0404 0303 0404 0102 0303 0301 0404 0404 0101 0101 0101 0202 0404 0404 0304 0202 0404 0303 0404 0404 0101 0303 0101 0103 0101 0202 0202 0402 0202 0101 0404 0403 0101 0202 0101 0101 0103 0202 0101 0202 0303 0202 0101 0404 0101 0101 0101 0404 0303 0403 0303 0201 0301 0304 0303 0301 0202 0404 0303 0101 
101 , 0303 0202 0303 0303 0101 0304 0101 0202 0202 0404 0304 0404 0303 0202 0201 0201 0101 0101 0101 0202 0404 0303 0404 0202 0302 0103 0404 0303 0303 0101 0103 0202 0404 0404 0303 0202 0304 0303 0204 0101 0101 0101 0101 0301 0101 0202 0404 0202 0302 0101 0402 0304 0101 0202 0101 0101 0303 0402 0201 0302 0303 0204 0104 0304 0101 0101 0101 0404 0303 0404 0302 0202 0103 0403 0303 0303 0202 0404 0404 0101 
102 , 0303 0202 0303 0404 0101 0303 0301 0202 0102 0404 0404 0404 0302 0202 0202 0102 0301 0401 0102 0202 0404 0303 0402 0202 0202 0101 0404 0404 0101 0101 0101 0402 0404 0404 0303 0202 0404 0303 0404 0401 0101 0301 0101 0301 0101 0202 0402 0202 0303 0104 0404 0304 0101 0402 0401 0101 0303 0202 0101 0302 0303 0202 0404 0304 0201 0101 0401 0404 0303 0404 0203 0201 0101 0404 0303 0303 0202 0401 0404 0101 
103 , 0304 0102 0303 0403 0101 0403 0101 0202 0202 0401 0404 0404 0303 0404 0201 0101 0103 0101 0201 0202 0404 0303 0204 0202 0303 0101 0404 0403 0103 0101 0101 0402 0404 0401 0303 0402 0403 0303 0402 0101 0101 0303 0401 0103 0101 0202 0204 0202 0302 0104 0404 0403 0101 0202 0101 0101 0303 0202 0101 0202 0302 0202 0101 0404 0101 0101 0101 0403 0103 0403 0303 0202 0101 0404 0303 0303 0202 0404 0403 0401 
104 , 0403 0201 0303 0303 0401 0303 0101 0202 0202 0404 0404 0404 0303 0402 0102 0101 0301 0401 0101 0202 0404 0302 0404 0202 0303 0101 0204 0404 0103 0101 0103 0402 0104 0401 0303 0202 0403 0302 0202 0101 0101 0301 0101 0101 0101 0202 0402 0402 0203 0104 0404 0303 0101 0202 0401 0101 0303 0204 0102 0302 0203 0402 0101 0304 0101 0103 0101 0304 0303 0403 0303 0202 0103 0404 0303 0303 0202 0104 0403 0401 
105 , 0303 0202 0303 0403 0101 0303 0101 0202 0202 0101 0403 0404 0203 0404 0201 0102 0301 0401 0102 0202 0404 0303 0404 0201 0303 0301 0202 0404 0101 0101 0101 0402 0401 0104 0303 0202 0404 0303 0404 0101 0101 0101 0101 0103 0101 0202 0204 0202 0303 0101 0404 0304 0101 0202 0104 0101 0303 0202 0101 0203 0303 0204 0401 0404 0101 0101 0101 0404 0303 0304 0203 0202 0103 0403 0404 0303 0204 0404 0304 0101 
106 , 0303 0201 0303 0403 0101 0303 0101 0204 0202 0404 0304 0401 0303 0404 0202 0202 0101 0101 0102 0202 0404 0303 0404 0201 0303 0301 0204 0404 0101 0101 0101 0402 0401 0404 0303 0202 0403 0303 0204 0101 0301 0303 0101 0303 0401 0203 0202 0204 0303 0101 0204 0303 0101 0202 0104 0102 0303 0204 0101 0303 0203 0202 0101 0304 0102 0101 0401 0304 0103 0403 0203 0202 0101 0403 0304 0303 0202 0404 0304 0101 
107 , 0303 0202 0303 0404 0101 0303 0101 0202 0202 0404 0403 0401 0303 0402 0201 0101 0101 0101 0101 0202 0404 0303 0404 0202 0303 0301 0204 0304 0101 0101 0101 0404 0404 0101 0303 0202 0303 0303 0204 0101 0101 0101 0101 0103 0104 0202 0202 0402 0202 0101 0204 0303 0101 0202 0104 0102 0303 0202 0201 0302 0303 0202 0104 0404 0102 0301 0101 0404 0303 0304 0302 0202 0301 0404 0403 0303 0202 0404 0404 0101 
108 , 0303 0202 0303 0304 0101 0304 0101 0202 0201 0104 0304 0404 0303 0404 0102 0201 0101 0401 0101 0202 0404 0303 0402 0202 0303 0101 0404 0404 0101 0102 0101 0402 0404 0104 0303 0202 0403 0302 0404 0101 0101 0303 0104 0103 0101 0203 0402 0204 0302 0101 0404 0404 0101 0204 0101 0101 0103 0402 0101 0302 0303 0202 0404 0304 0101 0101 0101 0404 0303 0404 0303 0202 0101 0404 0404 0303 0202 0404 0304 0101 
109 , 0304 0202 0303 0304 0101 0304 0103 0202 0202 0101 0404 0401 0303 0404 0202 0101 0103 0101 0102 0202 0404 0303 0402 0202 0202 0101 0404 0403 0101 0101 0103 0202 0404 0404 0303 0202 0403 0303 0404 0101 0101 0303 0101 0101 0401 0202 0204 0404 0303 0101 0404 0304 0101 0202 0104 0101 0303 0202 0102 0202 0303 0402 0101 0404 0101 0103 0101 0404 0303 0404 0303 0202 0101 0404 0404 0303 0202 0404 0404 0401 
110 , 0303 0202 0303 0304 0101 0303 0101 0202 0202 0401 0404 0104 0303 0404 0202 0202 0101 0101 0102 0202 0402 0303 0404 0102 0303 0101 0404 0404 0103 0101 0101 0402 0404 0404 0303 0202 0304 0303 0402 0401 0301 0303 0101 0303 0101 0202 0402 0404 0303 0401 0404 0303 0101 0202 0401 0101 0303 0202 0101 0202 0303 0204 0101 0404 0102 0301 0101 0404 0303 0404 0303 0202 0303 0303 0304 0303 0202 0404 0303 0104 
111 , 0303 0202 0303 0404 0104 0303 0101 0404 0202 0104 0404 0404 0303 0402 0202 0102 0101 0401 0101 0202 0404 0303 0402 0202 0203 0101 0404 0403 0101 0201 0101 0402 0404 0404 0303 0202 0303 0303 0202 0104 0101 0103 0104 0301 0401 0202 0404 0202 0202 0101 0404 0303 0101 0202 0404 0101 0303 0202 0102 0203 0202 0202 0401 0304 0101 0103 0104 0404 0303 0404 0303 0202 0101 0404 0404 0303 0202 0401 0404 0104 
112 , 0303 0202 0303 0404 0104 0303 0101 0202 0201 0404 0304 0404 0303 0404 0202 0201 0101 0104 0101 0302 0404 0303 0404 0201 0303 0101 0402 0304 0301 0101 0101 0202 0404 0404 0303 0202 0304 0303 0202 0101 0101 0101 0101 0103 0104 0202 0404 0202 0203 0101 0404 0303 0101 0202 0101 0101 0303 0402 0201 0203 0303 0202 0101 0304 0101 0101 0101 0404 0303 0304 0203 0202 0101 0403 0304 0303 0204 0404 0403 0101 
113 , 0303 0102 0303 0403 0104 0303 0101 0204 0202 0101 0304 0404 0303 0202 0102 0201 0103 0104 0101 0202 0404 0303 0404 0202 0303 0101 0204 0404 0101 0101 0101 0204 0401 0104 0303 0202 0404 0303 0402 0101 0103 0303 0104 0103 0401 0202 0202 0402 0303 0104 0404 0303 0101 0202 0401 0101 0303 0202 0101 0302 0302 0402 0101 0403 0101 0101 0101 0404 0303 0303 0303 0202 0301 0403 0404 0303 0402 0404 0404 0101 
114 , 0304 0202 0303 0403 0101 0304 0101 0202 0201 0404 0404 0404 0303 0404 0102 0201 0103 0101 0101 0202 0402 0303 0404 0102 0303 0101 0404 0404 0101 0101 0101 0404 0404 0404 0303 0202 0303 0303 0404 0101 0101 0301 0101 0301 0401 0203 0202 0202 0202 0104 0404 0303 0201 0202 0104 0101 0303 0202 0101 0302 0303 0202 0401 0404 0202 0301 0101 0403 0303 0303 0202 0102 0101 0404 0404 0303 0202 0404 0404 0401 
115 , 0303 0202 0302 0403 0104 0303 0101 0202 0202 0404 0404 0404 0303 0402 0102 0101 0101 0401 0202 0202 0404 0303 0402 0202 0302 0101 0404 0403 0101 0102 0101 0404 0401 0401 0303 0202 0404 0203 0402 0101 0101 0303 0101 0303 0101 0202 0202 0402 0303 0101 0404 0304 0101 0202 0101 0101 0303 0202 0101 0202 0203 0202 0401 0304 0102 0101 0101 0404 0303 0404 0202 0201 0101 0404 0304 0303 0402 0404 0304 0401 
116 , 0303 0102 0203 0303 0101 0303 0101 0202 0102 0101 0303 0404 0303 0404 0201 0101 0103 0104 0101 0202 0402 0302 0404 0202 0202 0101 0402 0304 0303 0101 0101 0202 0404 0101 0303 0202 0404 0303 0404 0104 0103 0301 0101 0103 0101 0202 0402 0204 0303 0101 0404 0403 0101 0204 0101 0101 0303 0202 0101 0303 0302 0202 0401 0304 0201 0101 0101 0404 0301 0404 0202 0202 0103 0403 0403 0303 0202 0404 0404 0104 
117 , 0303 0202 0303 0404 0104 0303 0101 0204 0202 0401 0403 0104 0303 0404 0201 0101 0101 0404 0102 0202 0404 0303 0404 0202 0303 0101 0202 0404 0101 0101 0101 0204 0401 0101 0303 0202 0404 0303 0404 0104 0301 0303 0101 0103 0101 0202 0202 0202 0303 0101 0204 0303 0101 0202 0101 0101 0303 0202 0101 0202 0303 0402 0101 0404 0101 0301 0101 0404 0303 0404 0202 0202 0103 0404 0403 0303 0202 0404 0403 0104 
118 , 0303 0202 0303 0403 0401 0303 0301 0202 0202 0104 0304 0404 0303 0404 0102 0201 0101 0404 0101 0202 0404 0203 0404 0202 0303 0103 0404 0404 0301 0101 0101 0202 0404 0401 0303 0202 0403 0303 0202 0104 0101 0301 0104 0301 0101 0203 0204 0202 0303 0101 0404 0403 0101 0202 0104 0101 0303 0204 0201 0202 0303 0204 0101 0304 0101 0101 0101 0404 0303 0404 0202 0202 0101 0404 0304 0301 0202 0404 0403 0101 
119 , 0404 0201 0302 0403 0404 0303 0101 0202 0202 0404 0403 0401 0203 0404 0201 0102 0103 0101 0202 0202 0204 0303 0404 0202 0303 0301 0202 0304 0103 0101 0101 0402 0404 0101 0303 0202 0303 0302 0204 0401 0101 0103 0101 0103 0104 0202 0202 0202 0203 0101 0402 0303 0201 0202 0101 0101 0303 0202 0101 0202 0303 0202 0101 0404 0101 0101 0104 0404 0303 0303 0302 0202 0301 0404 0404 0303 0204 0404 0404 0101 
120 , 0303 0201 0203 0403 0404 0303 0101 0404 0202 0404 0404 0404 0303 0404 0202 0201 0101 0401 0101 0202 0404 0303 0402 0201 0303 0103 0404 0404 0103 0101 0101 0404 0404 0401 0303 0202 0304 0303 0204 0101 0101 0301 0101 0301 0104 0202 0404 0202 0203 0101 0404 0304 0101 0402 0401 0101 0303 0202 0101 0202 0203 0202 0401 0404 0101 0101 0101 0404 0303 0404 0303 0202 0103 0404 0403 0303 0204 0404 0404 0104 
121 , 0303 0202 0303 0303 0401 0304 0101 0202 0201 0404 0403 0404 0303 0204 0102 0101 0101 0101 0101 0202 0404 0303 0204 0202 0303 0101 0204 0304 0301 0101 0101 0402 0404 0404 0303 0202 0403 0303 0404 0401 0101 0301 0101 0301 0101 0202 0202 0402 0303 0104 0404 0403 0101 0202 0401 0101 0303 0202 0101 0202 0303 0202 0404 0403 0101 0301 0101 0404 0303 0304 0203 0202 0101 0304 0404 0303 0202 0404 0404 0101 
122 , 0303 0201 0303 0403 0101 0303 0101 0202 0202 0404 0404 0404 0303 0404 0102 0202 0101 0401 0201 0302 0404 0303 0204 0202 0303 0101 0404 0404 0101 0101 0101 0402 0401 0104 0303 0202 0403 0303 0404 0101 0101 0301 0101 0303 0101 0202 0402 0402 0202 0104 0404 0404 0101 0202 0104 0101 0303 0202 0102 0202 0303 0202 0101 0304 0101 0101 0404 0404 0301 0403 0202 0202 0101 0304 0404 0303 0202 0404 0304 0101 
123 , 0303 0202 0302 0404 0401 0304 0101 0202 0201 0404 0404 0104 0303 0404 0202 0102 0103 0104 0202 0202 0404 0303 0204 0201 0303 0103 0404 0404 0303 0102 0101 0204 0404 0101 0303 0202 0303 0303 0404 0404 0101 0303 0101 0103 0401 0202 0402 0202 0303 0404 0404 0303 0101 0204 0101 0101 0301 0202 0101 0202 0302 0202 0101 0404 0102 0103 0101 0404 0303 0403 0203 0202 0101 0304 0403 0303 0204 0401 0303 0104 
124 , 0303 0101 0303 0404 0401 0303 0101 0204 0102 0404 0403 0404 0303 0402 0202 0202 0101 0404 0101 0202 0404 0302 0404 0202 0303 0101 0204 0404 0301 0101 0101 0404 0104 0401 0303 0202 0304 0303 0202 0401 0101 0103 0101 0303 0101 0202 0202 0402 0303 0101 0404 0303 0101 0202 0101 0101 0301 0402 0101 0203 0303 0202 0101 0304 0201 0301 0104 0404 0303 0404 0302 0202 0301 0403 0304 0303 0202 0404 0404 0101 
125 , 0403 0202 0303 0404 0101 0403 0101 0202 0201 0404 0304 0404 0203 0402 0202 0102 0101 0101 0202 0202 0202 0203 0204 0202 0303 0101 0402 0404 0101 0101 0101 0404 0404 0104 0303 0202 0404 0302 0404 0101 0101 0103 0101 0303 0104 0202 0404 0202 0203 0101 0404 0303 0101 0202 0101 0101 0303 0202 0102 0203 0303 0202 0404 0403 0201 0101 0104 0404 0303 0403 0303 0202 0101 0404 0403 0103 0202 0404 0404 0101 
126 , 0304 0202 0303 0304 0101 0303 0101 0402 0202 0401 0404 0104 0203 0204 0202 0201 0101 0104 0101 0202 0404 0303 0404 0202 0303 0301 0404 0404 0301 0101 0101 0202 0404 0101 0303 0202 0403 0303 0404 0101 0301 0101 0404 0301 0101 0202 0402 0202 0202 0101 0404 0403 0101 0202 0104 0101 0303 0202 0101 0202 0302 0202 0101 0403 0101 0101 0101 0404 0303 0304 0202 0202 0103 0303 0403 0303 0202 0404 0304 0101 
127 , 0303 0201 0203 0303 0401 0303 0101 0204 0202 0404 0404 0404 0203 0404 0201 0101 0101 0104 0101 0302 0204 0302 0402 0202 0303 0101 0204 0404 0101 0101 0101 0402 0404 0101 0303 0202 0304 0303 0404 0104 0101 0101 0101 0301 0101 0202 0402 0202 0202 0101 0404 0303 0201 0202 0101 0101 0303 0202 0201 0202 0203 0202 0104 0403 0102 0101 0101 0304 0303 0403 0303 0201 0101 0404 0404 0303 0202 0404 0403 0401 
128 , 0303 0202 0303 0304 0101 0303 0101 0202 0202 0104 0404 0401 0203 0402 0102 0102 0101 0401 0202 0202 0404 0303 0404 0202 0303 0101 0402 0404 0103 0102 0101 0204 0404 0401 0303 0202 0304 0303 0402 0404 0101 0103 0104 0303 0101 0202 0202 0202 0303 0404 0404 0303 0101 0204 0101 0101 0103 0202 0101 0302 0303 0202 0101 0303 0101 0301 0101 0404 0301 0303 0203 0202 0301 0304 0404 0303 0204 0401 0403 0101 
129 , 0303 0202 0303 0403 0401 0303 0101 0204 0202 0404 0404 0404 0303 0404 0202 0101 0101 0101 0101 0203 0204 0303 0404 0202 0303 0301 0204 0304 0101 0101 0101 0204 0404 0101 0303 0202 0303 0303 0204 0401 0101 0101 0104 0103 0104 0202 0204 0402 0203 0101 0404 0303 0201 0202 0101 0101 0303 0202 0201 0203 0303 0202 0101 0403 0202 0101 0101 0403 0303 0304 0203 0202 0301 0404 0403 0303 0202 0404 0404 0101 
130 , 0303 0202 0303 0403 0101 0304 0101 0202 0101 0104 0304 0404 0303 0202 0201 0101 0301 0101 0101 0202 0404 0303 0404 0202 0302 0103 0204 0404 0103 0101 0101 0404 0404 0404 0403 0202 0404 0303 0404 0101 0101 0103 0101 0301 0101 0202 0404 0402 0202 0101 0404 0303 0101 0202 0101 0101 0303 0202 0201 0202 0303 0202 0404 0404 0201 0101 0101 0404 0303 0403 0302 0202 0301 0403 0303 0303 0202 0404 0304 0101 
131 , 0403 0202 0303 0404 0401 0403 0101 0402 0202 0404 0304 0404 0303 0204 0202 0201 0101 0401 0101 0202 0404 0303 0404 0202 0303 0103 0402 0404 0301 0102 0101 0404 0401 0101 0303 0202 0403 0303 0202 0101 0101 0301 0101 0301 0401 0202 0202 0202 0303 0401 0204 0303 0101 0202 0101 0101 0303 0202 0101 0202 0303 0202 0401 0403 0201 0101 0101 0404 0301 0404 0303 0202 0101 0404 0404 0303 0202 0404 0304 0104 
132 , 0303 0102 0303 0403 0404 0304 0101 0404 0102 0404 0304 0404 0302 0202 0202 0201 0101 0101 0101 0202 0404 0303 0404 0202 0303 0101 0204 0404 0103 0101 0101 0404 0404 0101 0304 0202 0403 0303 0402 0101 0101 0303 0101 0303 0401 0202 0404 0202 0203 0401 0204 0303 0101 0202 0101 0101 0303 0202 0102 0202 0303 0202 0101 0303 0101 0101 0101 0404 0303 0303 0303 0202 0101 0303 0304 0303 0402 0404 0404 0101 
133 , 0403 0202 0303 0403 0404 0403 0101 0402 0202 0404 0404 0404 0303 0404 0201 0202 0103 0101 0101 0202 0404 0303 0404 0201 0303 0101 0402 0404 0303 0101 0101 0402 0104 0101 0303 0202 0403 0303 0202 0101 0101 0301 0101 0301 0401 0202 0202 0202 0302 0104 0404 0303 0101 0202 0101 0101 0303 0202 0102 0202 0202 0202 0104 0404 0201 0101 0101 0404 0303 0303 0303 0102 0101 0304 0404 0303 0204 0404 0304 0101 
134 , 0303 0101 0303 0303 0101 0403 0101 0202 0201 0404 0404 0404 0203 0202 0201 0102 0101 0104 0101 0202 0404 0303 0402 0102 0303 0101 0404 0404 0103 0101 0103 0204 0404 0104 0303 0202 0404 0303 0404 0401 0101 0303 0401 0303 0101 0302 0204 0202 0202 0104 0404 0403 0101 0202 0104 0101 0303 0402 0101 0202 0303 0202 0401 0304 0101 0101 0101 0304 0301 0304 0302 0202 0303 0304 0404 0103 0202 0401 0404 0101 
135 , 0303 0202 0303 0403 0101 0303 0101 0202 0102 0404 0404 0404 0303 0402 0202 0101 0101 0104 0101 0202 0404 0303 0204 0202 0203 0303 0402 0404 0101 0201 0101 0402 0404 0104 0303 0402 0404 0303 0402 0101 0101 0301 0101 0101 0101 0202 0204 0204 0303 0104 0404 0403 0101 0202 0104 0101 0303 0402 0202 0202 0303 0202 0104 0404 0102 0103 0101 0304 0103 0403 0303 0202 0103 0404 0303 0303 0202 0404 0403 0401 
136 , 0303 0202 0303 0404 0101 0304 0101 0202 0202 0404 0303 0401 0303 0404 0202 0102 0301 0104 0101 0202 0404 0303 0404 0202 0303 0101 0204 0404 0103 0101 0101 0202 0404 0404 0303 0204 0403 0303 0204 0104 0101 0303 0101 0301 0401 0202 0204 0202 0302 0104 0404 0403 0101 0202 0404 0101 0303 0202 0101 0302 0203 0202 0101 0303 0101 0101 0101 0304 0103 0303 0202 0202 0103 0404 0404 0301 0202 0401 0304 0101 
137 , 0303 0202 0303 0404 0101 0303 0101 0204 0101 0404 0403 0101 0303 0404 0202 0202 0301 0401 0201 0202 0404 0303 0404 0202 0303 0101 0404 0404 0301 0101 0101 0202 0404 0101 0303 0202 0403 0302 0404 0104 0101 0301 0401 0303 0104 0202 0402 0202 0302 0401 0404 0303 0102 0202 0101 0201 0303 0202 0101 0202 0302 0202 0101 0304 0101 0101 0101 0404 0303 0404 0303 0201 0301 0304 0304 0303 0402 0404 0403 0101 
138 , 0303 0202 0303 0404 0404 0304 0101 0402 0202 0404 0404 0104 0302 0404 0101 0101 0301 0401 0101 0202 0404 0303 0404 0202 0303 0101 0402 0404 0301 0101 0101 0404 0404 0401 0303 0202 0303 0302 0404 0104 0101 0303 0101 0301 0101 0202 0402 0202 0203 0104 0404 0303 0201 0202 0101 0201 0303 0204 0101 0202 0303 0202 0101 0404 0101 0301 0101 0303 0103 0404 0203 0202 0101 0304 0304 0303 0202 0404 0304 0101 
139 , 0303 0202 0303 0303 0104 0303 0101 0202 0102 0404 0403 0401 0303 0404 0201 0201 0101 0104 0101 0202 0402 0302 0404 0202 0203 0101 0204 0404 0303 0101 0101 0204 0404 0104 0303 0202 0404 0303 0204 0101 0101 0301 0101 0101 0101 0202 0404 0202 0202 0101 0404 0303 0101 0202 0401 0101 0303 0202 0101 0202 0303 0202 0101 0403 0101 0301 0101 0404 0303 0404 0202 0201 0101 0404 0303 0303 0202 0404 0403 0101 
140 , 0304 0102 0303 0304 0101 0304 0101 0204 0202 0401 0404 0404 0303 0204 0202 0201 0301 0104 0101 0202 0404 0303 0404 0102 0303 0101 0404 0404 0103 0101 0101 0402 0401 0401 0303 0402 0403 0303 0404 0401 0301 0301 0101 0301 0101 0202 0202 0402 0303 0101 0404 0303 0101 0202 0404 0101 0303 0204 0101 0303 0302 0202 0101 0303 0102 0101 0101 0403 0301 0404 0303 0202 0301 0404 0303 0301 0202 0404 0304 0101 
141 , 0304 0202 0303 0403 0401 0303 0101 0402 0101 0401 0304 0404 0303 0202 0101 0102 0301 0401 0101 0202 0204 0303 0404 0202 0303 0101 0404 0403 0303 0101 0301 0402 0404 0404 0303 0202 0303 0303 0404 0101 0101 0303 0101 0103 0101 0202 0404 0204 0202 0101 0404 0303 0101 0202 0104 0201 0103 0202 0101 0202 0302 0202 0101 0304 0102 0103 0101 0404 0103 0403 0303 0202 0101 0304 0304 0303 0202 0401 0304 0101 
142 , 0403 0201 0303 0403 0401 0403 0101 0404 0202 0404 0404 0104 0303 0204 0202 0202 0301 0104 0101 0202 0404 0303 0402 0201 0303 0301 0404 0404 0103 0101 0101 0202 0404 0404 0303 0402 0403 0303 0404 0104 0101 0303 0101 0101 0101 0203 0202 0204 0203 0101 0404 0303 0101 0202 0401 0102 0303 0204 0101 0303 0303 0402 0101 0403 0101 0101 0101 0404 0103 0403 0203 0202 0301 0404 0304 0303 0202 0404 0404 0401 
143 , 0304 0202 0303 0404 0401 0404 0101 0402 0101 0404 0304 0104 0303 0404 0202 0101 0303 0101 0101 0202 0404 0303 0404 0201 0302 0103 0404 0304 0101 0101 0101 0402 0404 0104 0303 0202 0304 0303 0404 0101 0101 0303 0101 0303 0101 0202 0202 0202 0303 0401 0204 0303 0101 0204 0104 0101 0303 0202 0101 0203 0302 0202 0401 0304 0101 0101 0101 0404 0303 0403 0303 0202 0101 0304 0303 0303 0402 0404 0404 0401 
144 , 0303 0102 0303 0404 0104 0303 0101 0202 0102 0101 0404 0404 0302 0404 0201 0101 0101 0401 0201 0202 0402 0303 0204 0102 0303 0101 0402 0404 0301 0201 0101 0404 0404 0401 0303 0402 0403 0203 0404 0101 0101 0303 0101 0101 0101 0202 0402 0402 0303 0104 0404 0304 0101 0202 0404 0101 0303 0202 0201 0202 0303 0202 0101 0303 0101 0103 0101 0403 0303 0304 0303 0202 0101 0304 0304 0303 0202 0404 0304 0101 
145 , 0304 0101 0303 0403 0104 0303 0101 0202 0102 0101 0404 0404 0302 0204 0101 0102 0101 0401 0101 0202 0404 0303 0404 0102 0303 0301 0404 0404 0303 0101 0101 0404 0404 0404 0303 0202 0403 0303 0404 0104 0101 0303 0101 0103 0101 0202 0202 0204 0202 0101 0404 0403 0101 0202 0104 0101 0303 0202 0101 0302 0302 0202 0401 0304 0102 0101 0101 0404 0303 0303 0203 0202 0301 0403 0404 0303 0202 0401 0303 0101 
146 , 0303 0101 0303 0303 0401 0303 0103 0402 0202 0104 0304 0404 0203 0204 0201 0102 0301 0101 0201 0202 0402 0303 0402 0202 0203 0101 0202 0404 0301 0101 0101 0204 0401 0401 0303 0202 0304 0303 0402 0401 0101 0303 0101 0101 0101 0202 0402 0202 0202 0104 0404 0304 0101 0402 0401 0101 0301 0202 0101 0203 0302 0202 0101 0404 0101 0101 0101 0404 0303 0303 0202 0202 0301 0404 0403 0303 0202 0404 0403 0401 
147 , 0303 0102 0303 0403 0101 0303 0301 0204 0202 0401 0403 0404 0303 0204 0201 0101 0301 0401 0101 0203 0404 0303 0402 0202 0203 0101 0402 0404 0103 0101 0101 0402 0404 0401 0303 0202 0404 0302 0404 0101 0101 0301 0101 0303 0104 0202 0402 0202 0302 0104 0404 0303 0101 0402 0404 0101 0303 0202 0101 0302 0303 0202 0401 0303 0102 0101 0101 0404 0301 0304 0202 0202 0103 0304 0303 0301 0202 0404 0404 0101 
148 , 0303 0202 0303 0403 0101 0303 0101 0202 0202 0401 0403 0404 0202 0404 0201 0102 0301 0104 0101 0202 0404 0303 0404 0202 0303 0301 0204 0404 0101 0102 0101 0402 0404 0101 0303 0202 0404 0302 0404 0401 0101 0303 0101 0301 0101 0202 0202 0204 0303 0101 0404 0303 0101 0202 0104 0101 0303 0202 0101 0202 0303 0202 0401 0403 0102 0101 0101 0404 0303 0304 0302 0202 0101 0404 0304 0301 0202 0404 0304 0101 
149 , 0304 0202 0303 0303 0401 0304 0101 0202 0202 0104 0304 0404 0302 0404 0202 0202 0101 0401 0101 0202 0402 0303 0204 0201 0203 0103 0404 0404 0101 0101 0101 0404 0404 0101 0303 0202 0303 0302 0204 0401 0301 0303 0101 0303 0104 0203 0202 0402 0302 0101 0404 0303 0101 0202 0101 0201 0303 0202 0101 0202 0203 0202 0101 0404 0101 0101 0401 0404 0303 0304 0302 0202 0303 0404 0304 0303 0204 0404 0404 0104 
150 , 0303 0201 0303 0304 0101 0303 0301 0204 0202 0104 0404 0404 0203 0404 0202 0201 0301 0404 0101 0202 0404 0303 0204 0102 0303 0101 0402 0304 0103 0101 0101 0404 0404 0101 0303 0202 0403 0303 0404 0101 0101 0301 0101 0303 0101 0202 0202 0202 0302 0101 0404 0303 0101 0202 0101 0101 0301 0202 0101 0202 0303 0202 0101 0403 0101 0101 0104 0404 0303 0404 0302 0202 0301 0403 0404 0103 0202 0404 0403 0101 
151 , 0303 0202 0303 0304 0101 0403 0101 0202 0201 0404 0404 0404 0303 0204 0202 0101 0103 0101 0101 0202 0404 0303 0404 0101 0302 0103 0404 0404 0301 0101 0101 0402 0404 0404 0303 0402 0403 0203 0204 0101 0301 0303 0401 0303 0101 0203 0204 0202 0203 0104 0404 0403 0101 0202 0104 0101 0303 0202 0101 0203 0303 0202 0101 0304 0101 0101 0101 0404 0303 0404 0303 0202 0101 0404 0404 0103 0202 0404 0304 0101 
152 , 0303 0102 0303 0304 0104 0303 0101 0204 0202 0404 0304 0404 0303 0402 0101 0101 0303 0401 0101 0202 0404 0303 0404 0202 0303 0101 0402 0404 0301 0101 0101 0202 0404 0101 0304 0202 0403 0302 0404 0101 0301 0303 0101 0103 0101 0202 0204 0204 0203 0101 0404 0303 0101 0202 0401 0101 0303 0402 0101 0203 0303 0202 0401 0403 0101 0101 0104 0303 0303 0303 0303 0202 0101 0403 0304 0303 0204 0404 0404 0104 
153 , 0303 0202 0303 0403 0101 0303 0101 0202 0202 0401 0404 0404 0303 0204 0102 0101 0103 0101 0201 0203 0404 0303 0402 0202 0303 0101 0402 0404 0303 0201 0101 0402 0404 0104 0303 0202 0404 0302 0404 0101 0101 0303 0101 0303 0101 0202 0202 0404 0202 0101 0404 0303 0101 0202 0104 0101 0303 0202 0101 0303 0303 0202 0401 0404 0102 0101 0101 0404 0101 0403 0202 0102 0303 0304 0404 0303 0202 0404 0404 0101 
154 , 0303 0202 0303 0303 0101 0303 0101 0202 0202 0401 0404 0404 0303 0404 0202 0201 0101 0401 0101 0202 0204 0303 0404 0202 0303 0301 0404 0403 0303 0102 0101 0402 0404 0404 0303 0202 0404 0303 0402 0101 0101 0103 0101 0303 0104 0202 0202 0402 0303 0401 0404 0304 0101 0202 0404 0101 0303 0202 0101 0203 0303 0204 0101 0404 0201 0101 0104 0304 0301 0404 0202 0202 0101 0304 0304 0301 0202 0404 0404 0101 
155 , 0303 0102 0302 0404 0401 0303 0101 0202 0202 0101 0404 0404 0203 0402 0202 0201 0101 0404 0201 0202 0404 0303 0404 0202 0303 0101 0404 0404 0301 0101 0301 0402 0404 0404 0303 0202 0403 0302 0402 0404 0101 0303 0401 0301 0101 0202 0402 0202 0303 0101 0404 0303 0102 0202 0404 0101 0303 0202 0101 0202 0302 0402 0101 0403 0101 0101 0101 0404 0303 0404 0203 0202 0101 0404 0403 0101 0202 0404 0304 0101 
156 , 0303 0202 0303 0304 0101 0403 0101 0202 0202 0401 0403 0404 0303 0404 0202 0102 0101 0404 0101 0202 0404 0303 0404 0202 0303 0101 0404 0404 0301 0101 0101 0402 0404 0404 0403 0202 0403 0302 0404 0401 0101 0301 0101 0303 0101 0203 0402 0404 0202 0101 0404 0404 0102 0202 0104 0101 0303 0202 0101 0302 0303 0202 0401 0404 0101 0301 0101 0404 0303 0404 0202 0102 0103 0303 0404 0303 0204 0104 0304 0104 
157 , 0303 0202 0303 0303 0101 0403 0101 0202 0102 0404 0304 0404 0203 0404 0202 0101 0101 0101 0102 0202 0404 0303 0404 0102 0303 0101 0202 0404 0303 0101 0101 0404 0404 0404 0303 0402 0404 0302 0204 0101 0101 0103 0401 0303 0101 0202 0204 0204 0203 0101 0404 0403 0101 0402 0401 0101 0303 0202 0101 0202 0302 0202 0104 0303 0101 0101 0101 0404 0303 0404 0303 0201 0301 0304 0404 0303 0202 0104 0304 0401 
158 , 0303 0201 0303 0404 0101 0303 0101 0202 0202 0401 0304 0401 0303 0404 0202 0102 0101 0101 0101 0202 0404 0303 0404 0202 0203 0101 0404 0304 0103 0101 0101 0404 0404 0401 0303 0202 0403 0303 0404 0401 0101 0101 0101 0301 0101 0202 0204 0202 0303 0101 0404 0403 0101 0202 0404 0101 0303 0202 0101 0302 0303 0202 0401 0404 0201 0301 0101 0404 0301 0404 0303 0202 0101 0404 0303 0303 0202 0404 0403 0404 
159 , 0303 0202 0303 0303 0101 0303 0301 0202 0202 0404 0403 0404 0303 0402 0202 0101 0101 0101 0102 0202 0402 0303 0404 0102 0303 0301 0204 0404 0101 0101 0101 0204 0404 0401 0303 0202 0403 0303 0404 0101 0101 0301 0101 0101 0101 0202 0204 0204 0303 0101 0404 0403 0101 0202 0101 0101 0303 0402 0101 0202 0302 0402 0401 0303 0101 0101 0101 0404 0301 0404 0203 0202 0101 0304 0404 0303 0202 0404 0404 0101 
160 , 0303 0201 0303 0303 0401 0303 0101 0402 0202 0401 0304 0404 0303 0404 0202 0101 0301 0104 0102 0202 0404 0303 0404 0202 0302 0101 0204 0404 0103 0101 0101 0202 0404 0404 0303 0202 0403 0302 0402 0101 0101 0303 0101 0301 0401 0202 0202 0402 0203 0104 0404 0303 0102 0202 0101 0101 0303 0202 0101 0203 0303 0202 0404 0403 0101 0101 0101 0404 0303 0404 0303 0202 0101 0404 0404 0303 0202 0404 0404 0401 
161 , 0303 0202 0303 0404 0101 0304 0101 0202 0201 0404 0304 0404 0303 0204 0202 0102 0301 0101 0201 0202 0404 0303 0404 0202 0303 0101 0404 0404 0303 0102 0101 0402 0404 0101 0303 0402 0303 0302 0402 0104 0301 0101 0104 0301 0101 0202 0202 0402 0202 0401 0404 0403 0101 0204 0401 0101 0303 0202 0101 0303 0303 0202 0101 0303 0101 0103 0104 0404 0103 0403 0303 0202 0101 0304 0403 0303 0204 0401 0404 0101 
162 , 0303 0202 0303 0403 0104 0303 0103 0202 0202 0104 0304 0404 0303 0402 0102 0102 0101 0101 0102 0202 0404 0303 0402 0202 0302 0103 0404 0404 0101 0202 0101 0404 0401 0401 0303 0202 0404 0303 0402 0101 0101 0103 0101 0303 0101 0202 0402 0402 0203 0101 0402 0303 0101 0202 0404 0101 0103 0204 0201 0203 0302 0202 0101 0404 0101 0101 0401 0404 0103 0404 0202 0201 0301 0404 0304 0103 0202 0404 0304 0101 
163 , 0303 0201 0303 0303 0101 0303 0101 0202 0202 0404 0404 0404 0303 0204 0101 0101 0101 0404 0101 0202 0404 0303 0404 0202 0303 0301 0404 0404 0101 0101 0103 0404 0404 0101 0303 0202 0404 0303 0404 0101 0101 0101 0101 0103 0101 0202 0204 0202 0202 0401 0404 0303 0202 0202 0404 0101 0303 0402 0202 0202 0203 0202 0104 0404 0102 0303 0101 0404 0303 0403 0302 0202 0301 0304 0404 0303 0202 0404 0404 0101 
164 , 0303 0202 0303 0403 0401 0403 0101 0202 0202 0104 0404 0404 0303 0202 0202 0102 0301 0101 0101 0202 0404 0303 0402 0202 0303 0101 0402 0404 0101 0101 0101 0404 0404 0401 0303 0202 0404 0202 0402 0101 0101 0303 0101 0101 0404 0202 0404 0202 0302 0104 0402 0303 0101 0202 0401 0101 0303 0202 0101 0203 0203 0204 0101 0404 0201 0101 0101 0404 0101 0404 0303 0202 0303 0304 0404 0303 0202 0404 0303 0404 
165 , 0303 0102 0303 0403 0101 0303 0101 0202 0201 0404 0304 0404 0303 0404 0201 0102 0101 0101 0101 0202 0404 0303 0404 0202 0303 0101 0404 0404 0301 0101 0101 0204 0404 0404 0403 0202 0403 0302 0404 0401 0101 0301 0401 0101 0101 0202 0202 0402 0302 0401 0404 0303 0101 0202 0401 0101 0303 0202 0101 0203 0303 0202 0101 0404 0201 0101 0101 0404 0103 0403 0302 0201 0101 0304 0404 0303 0202 0404 0304 0401 
166 , 0303 0202 0303 0404 0101 0303 0101 0202 0202 0404 0403 0404 0203 0404 0202 0101 0301 0104 0101 0202 0404 0303 0404 0202 0303 0101 0404 0404 0101 0101 0101 0402 0104 0404 0303 0202 0403 0303 0404 0404 0101 0103 0101 0303 0101 0203 0202 0204 0303 0101 0404 0304 0101 0202 0104 0101 0303 0202 0101 0202 0303 0202 0401 0404 0201 0101 0101 0403 0303 0304 0202 0202 0103 0403 0304 0303 0204 0404 0304 0104 
167 , 0303 0102 0303 0303 0104 0304 0101 0202 0202 0401 0404 0404 0303 0402 0202 0102 0101 0101 0101 0302 0404 0303 0404 0202 0303 0101 0404 0304 0301 0101 0101 0202 0404 0404 0303 0202 0303 0303 0404 0101 0101 0103 0101 0103 0101 0202 0404 0204 0302 0101 0404 0303 0101 0202 0101 0101 0303 0402 0101 0203 0302 0202 0101 0303 0101 0101 0101 0404 0303 0304 0302 0202 0301 0403 0303 0303 0202 0404 0403 0101 
168 , 0303 0202 0303 0304 0404 0303 0101 0202 0202 0101 0404 0404 0302 0404 0202 0101 0301 0101 0102 0202 0402 0303 0402 0202 0303 0101 0204 0404 0301 0101 0101 0204 0404 0104 0303 0202 0404 0302 0404 0101 0101 0303 0101 0101 0101 0202 0202 0202 0203 0104 0404 0304 0101 0202 0104 0101 0303 0202 0101 0202 0303 0202 0401 0404 0201 0101 0101 0403 0303 0404 0303 0202 0101 0404 0403 0303 0202 0404 0404 0101 
169 , 0303 0201 0303 0304 0101 0304 0101 0202 0202 0104 0404 0404 0303 0204 0201 0102 0103 0101 0101 0203 0404 0303 0204 0201 0303 0101 0404 0403 0101 0101 0103 0402 0404 0401 0303 0202 0404 0303 0404 0101 0101 0103 0101 0301 0101 0202 0204 0402 0303 0401 0404 0403 0101 0202 0101 0101 0303 0202 0101 0203 0303 0202 0104 0304 0102 0101 0101 0404 0301 0304 0202 0202 0301 0304 0304 0303 0202 0404 0403 0101 
170 , 0303 0202 0303 0404 0101 0303 0101 0204 0202 0401 0403 0101 0303 0402 0202 0201 0101 0104 0201 0202 0404 0303 0204 0202 0303 0101 0404 0404 0301 0102 0101 0204 0404 0104 0303 0202 0304 0203 0402 0104 0101 0301 0101 0303 0401 0302 0202 0202 0202 0104 0404 0304 0101 0202 0101 0102 0303 0202 0101 0202 0302 0202 0104 0304 0101 0301 0101 0404 0301 0404 0302 0202 0301 0404 0403 0303 0402 0404 0303 0101 
171 , 0303 0102 0303 0404 0101 0403 0101 0204 0202 0404 0404 0104 0303 0202 0202 0202 0301 0401 0102 0203 0404 0303 0402 0202 0302 0301 0402 0404 0301 0101 0103 0204 0404 0104 0303 0202 0304 0302 0402 0104 0101 0103 0101 0303 0101 0202 0202 0202 0202 0401 0404 0303 0101 0202 0401 0201 0303 0402 0101 0202 0303 0202 0101 0404 0101 0301 0101 0404 0303 0403 0303 0202 0303 0304 0304 0303 0204 0404 0304 0401 
172 , 0303 0202 0303 0404 0401 0404 0301 0402 0201 0404 0404 0404 0303 0404 0202 0201 0101 0101 0201 0202 0404 0303 0404 0202 0303 0303 0404 0404 0301 0101 0101 0202 0401 0401 0303 0204 0303 0303 0402 0101 0101 0103 0101 0303 0101 0202 0402 0202 0203 0101 0404 0303 0101 0202 0401 0101 0303 0202 0101 0202 0303 0202 0101 0403 0102 0101 0104 0403 0103 0404 0303 0202 0101 0404 0303 0303 0202 0404 0404 0101 
173 , 0303 0202 0303 0304 0101 0303 0101 0202 0202 0404 0303 0404 0303 0204 0202 0102 0101 0104 0101 0302 0404 0303 0404 0202 0303 0101 0404 0304 0301 0101 0101 0204 0404 0401 0303 0202 0303 0303 0402 0404 0101 0101 0101 0303 0101 0202 0402 0202 0302 0101 0404 0304 0101 0202 0101 0101 0303 0402 0202 0202 0302 0202 0104 0303 0101 0101 0101 0404 0301 0404 0202 0202 0101 0404 0303 0303 0202 0404 0404 0101 
174 , 0303 0202 0303 0404 0101 0304 0101 0202 0202 0404 0404 0404 0303 0404 0101 0102 0101 0101 0201 0202 0404 0303 0404 0202 0303 0101 0402 0404 0301 0101 0101 0402 0404 0104 0303 0202 0404 0302 0404 0104 0101 0303 0101 0303 0101 0202 0404 0402 0203 0101 0404 0404 0101 0202 0104 0101 0303 0204 0101 0303 0303 0202 0401 0404 0101 0101 0101 0404 0103 0303 0302 0102 0303 0304 0304 0303 0202 0404 0304 0104 
175 , 0303 0201 0303 0303 0104 0404 0101 0202 0102 0404 0404 0401 0303 0404 0202 0202 0303 0401 0102 0202 0404 0303 0204 0202 0303 0301 0402 0304 0303 0101 0101 0202 0104 0401 0303 0202 0403 0303 0404 0101 0101 0103 0101 0303 0401 0302 0202 0202 0202 0101 0404 0303 0101 0202 0101 0101 0103 0202 0101 0202 0303 0202 0101 0404 0202 0101 0101 0403 0303 0304 0202 0202 0301 0303 0304 0301 0204 0404 0403 0101 
176 , 0303 0102 0303 0403 0401 0304 0101 0202 0202 0404 0404 0401 0303 0404 0202 0101 0101 0101 0101 0302 0404 0303 0404 0101 0303 0101 0202 0404 0101 0101 0101 0204 0404 0404 0303 0202 0404 0302 0204 0404 0101 0103 0101 0101 0101 0202 0202 0202 0302 0101 0404 0303 0101 0202 0104 0101 0303 0202 0102 0202 0302 0202 0401 0303 0101 0101 0104 0403 0303 0404 0202 0102 0101 0404 0404 0301 0204 0404 0304 0401 
177 , 0403 0102 0303 0404 0104 0404 0101 0202 0202 0404 0404 0404 0302 0404 0102 0101 0101 0101 0102 0202 0402 0303 0202 0202 0303 0101 0402 0404 0301 0201 0101 0404 0404 0401 0303 0202 0404 0302 0204 0101 0101 0303 0101 0303 0101 0202 0202 0202 0202 0104 0404 0404 0101 0202 0101 0101 0103 0202 0101 0202 0203 0202 0404 0404 0101 0101 0101 0404 0303 0304 0203 0202 0101 0404 0404 0303 0202 0104 0304 0104 
178 , 0303 0202 0303 0303 0101 0303 0101 0204 0202 0404 0304 0404 0302 0404 0102 0202 0301 0101 0101 0202 0404 0303 0404 0202 0303 0101 0404 0304 0103 0101 0101 0204 0404 0104 0303 0202 0404 0303 0204 0101 0101 0101 0101 0101 0101 0202 0402 0204 0302 0101 0404 0403 0101 0202 0101 0101 0103 0204 0102 0302 0303 0202 0104 0404 0201 0103 0101 0404 0303 0304 0203 0202 0101 0404 0403 0303 0202 0401 0304 0101 
179 , 0304 0202 0303 0304 0401 0403 0103 0202 0201 0401 0304 0404 0303 0202 0201 0101 0103 0104 0101 0202 0404 0303 0404 0201 0203 0101 0204 0403 0101 0101 0103 0404 0101 0101 0303 0202 0403 0302 0404 0401 0101 0103 0101 0103 0101 0202 0404 0202 0302 0101 0404 0303 0101 0202 0401 0101 0303 0202 0101 0302 0203 0202 0101 0404 0101 0101 0101 0404 0303 0304 0203 0202 0303 0304 0404 0303 0202 0404 0303 0104 
180 , 0303 0201 0303 0303 0104 0303 0101 0202 0102 0404 0403 0404 0303 0404 0102 0102 0301 0104 0201 0202 0404 0303 0402 0202 0303 0101 0204 0304 0101 0101 0101 0404 0404 0404 0303 0202 0404 0303 0204 0101 0101 0303 0101 0103 0101 0202 0402 0402 0203 0101 0404 0303 0101 0202 0101 0101 0303 0202 0101 0202 0203 0202 0101 0303 0101 0101 0101 0304 0303 0404 0202 0202 0301 0304 0303 0303 0204 0104 0404 0401 
181 , 0303 0202 0303 0303 0101 0303 0101 0202 0202 0101 0404 0404 0303 0204 0201 0202 0101 0101 0101 0202 0404 0303 0404 0201 0303 0301 0404 0404 0101 0101 0101 0404 0401 0404 0303 0202 0403 0303 0404 0101 0101 0103 0101 0301 0101 0202 0204 0202 0203 0101 0404 0304 0101 0202 0104 0101 0303 0202 0101 0203 0303 0202 0101 0404 0101 0101 0101 0304 0303 0404 0203 0202 0103 0304 0404 0303 0202 0404 0404 0101 
182 , 0403 0201 0303 0403 0101 0304 0101 0402 0102 0404 0403 0404 0302 0404 0202 0102 0101 0101 0201 0202 0404 0303 0204 0202 0303 0101 0204 0404 0103 0101 0101 0204 0404 0401 0303 0402 0303 0303 0402 0401 0101 0101 0101 0301 0101 0202 0202 0402 0303 0104 0404 0303 0101 0202 0101 0101 0303 0202 0202 0302 0303 0202 0104 0304 0101 0101 0101 0303 0303 0404 0302 0102 0103 0404 0303 0303 0202 0101 0404 0101 
183 , 0303 0201 0303 0303 0101 0403 0301 0202 0202 0404 0304 0101 0303 0204 0202 0202 0101 0101 0101 0202 0404 0303 0404 0102 0303 0101 0402 0404 0101 0101 0101 0404 0401 0104 0303 0202 0404 0303 0402 0401 0101 0103 0401 0301 0401 0202 0202 0402 0302 0101 0404 0403 0201 0402 0401 0101 0303 0202 0101 0302 0303 0402 0101 0304 0101 0101 0401 0404 0103 0303 0302 0202 0101 0404 0403 0303 0202 0404 0303 0101 
184 , 0403 0101 0303 0404 0401 0303 0101 0202 0202 0104 0404 0404 0303 0404 0102 0201 0101 0401 0101 0203 0404 0303 0404 0201 0302 0301 0402 0404 0101 0101 0101 0202 0101 0404 0303 0404 0304 0302 0402 0101 0101 0101 0101 0303 0101 0202 0402 0202 0203 0101 0404 0403 0101 0202 0104 0101 0303 0202 0201 0202 0303 0202 0104 0304 0101 0103 0101 0404 0301 0404 0303 0202 0101 0304 0403 0303 0202 0104 0304 0101 
185 , 0303 0202 0303 0303 0401 0303 0101 0402 0202 0404 0404 0104 0203 0402 0201 0201 0101 0404 0101 0202 0404 0303 0402 0202 0303 0101 0402 0404 0301 0101 0101 0202 0104 0101 0304 0202 0404 0203 0404 0104 0101 0101 0401 0101 0101 0202 0402 0202 0202 0101 0404 0403 0101 0202 0101 0101 0303 0202 0101 0202 0303 0202 0104 0304 0102 0101 0101 0404 0303 0303 0303 0202 0101 0304 0404 0303 0202 0404 0404 0101 
186 , 0303 0201 0303 0303 0101 0304 0101 0202 0202 0104 0304 0404 0303 0202 0101 0101 0101 0404 0201 0202 0404 0303 0402 0202 0303 0301 0404 0404 0101 0101 0101 0204 0401 0101 0303 0402 0404 0303 0404 0401 0101 0303 0101 0303 0101 0302 0404 0402 0302 0104 0404 0303 0101 0202 0401 0101 0303 0202 0101 0302 0303 0402 0101 0304 0102 0101 0101 0404 0301 0404 0203 0202 0101 0304 0404 0303 0202 0404 0404 0401 
187 , 0303 0202 0203 0304 0101 0303 0101 0202 0202 0104 0404 0404 0302 0404 0102 0202 0101 0401 0201 0202 0204 0203 0404 0202 0303 0101 0204 0404 0101 0101 0101 0202 0404 0404 0303 0202 0403 0202 0404 0104 0101 0303 0101 0303 0101 0202 0202 0202 0203 0101 0204 0303 0101 0202 0401 0101 0303 0202 0201 0203 0203 0202 0101 0404 0201 0101 0101 0304 0303 0304 0203 0202 0101 0404 0304 0303 0202 0404 0303 0404 
188 , 0303 0202 0303 0403 0101 0303 0101 0202 0202 0401 0303 0404 0303 0404 0201 0101 0101 0401 0202 0202 0404 0303 0404 0202 0302 0101 0404 0404 0303 0201 0101 0402 0404 0401 0303 0202 0303 0203 0204 0104 0103 0101 0101 0103 0101 0202 0402 0404 0203 0101 0404 0304 0101 0204 0104 0101 0303 0202 0102 0303 0302 0202 0101 0304 0101 0301 0101 0404 0303 0304 0302 0202 0103 0403 0303 0303 0204 0104 0404 0101 
189 , 0303 0201 0303 0303 0404 0303 0101 0202 0202 0404 0304 0404 0303 0404 0202 0202 0301 0401 0201 0302 0404 0303 0204 0201 0303 0301 0202 0404 0103 0101 0101 0202 0404 0401 0303 0202 0403 0303 0402 0401 0101 0103 0101 0301 0101 0202 0402 0202 0302 0101 0404 0403 0101 0402 0404 0101 0303 0204 0202 0302 0303 0202 0104 0404 0101 0101 0101 0304 0303 0304 0303 0102 0101 0303 0303 0303 0202 0404 0303 0101 
190 , 0303 0101 0303 0404 0101 0303 0101 0402 0202 0404 0304 0104 0303 0404 0202 0101 0301 0401 0201 0202 0404 0303 0202 0202 0303 0301 0402 0404 0301 0101 0101 0404 0401 0104 0303 0202 0304 0303 0404 0104 0101 0301 0101 0303 0101 0202 0202 0402 0303 0401 0404 0303 0102 0202 0104 0101 0103 0204 0101 0202 0303 0202 0101 0403 0101 0301 0404 0303 0303 0403 0303 0102 0101 0403 0304 0301 0202 0401 0404 0101 
191 , 0303 0102 0303 0404 0104 0303 0101 0204 0102 0404 0403 0104 0303 0404 0102 0202 0301 0401 0101 0202 0404 0303 0404 0102 0303 0301 0404 0404 0301 0101 0301 0202 0404 0104 0303 0202 0404 0303 0404 0101 0101 0101 0401 0303 0101 0202 0402 0202 0202 0401 0404 0303 0101 0202 0101 0201 0303 0202 0101 0202 0203 0202 0101 0404 0101 0301 0104 0404 0303 0303 0202 0202 0301 0304 0303 0303 0202 0404 0404 0101 
192 , 0303 0202 0303 0403 0404 0403 0101 0202 0201 0404 0403 0401 0303 0404 0202 0202 0101 0404 0101 0202 0404 0303 0402 0202 0303 0101 0404 0404 0101 0101 0101 0402 0404 0104 0304 0202 0304 0303 0404 0404 0101 0303 0101 0303 0101 0202 0202 0204 0302 0401 0404 0303 0101 0202 0101 0101 0303 0202 0101 0202 0303 0202 0101 0404 0101 0301 0101 0404 0303 0403 0303 0202 0101 0304 0403 0301 0202 0404 0303 0101 
193 , 0304 0202 0303 0403 0104 0404 0101 0202 0102 0104 0303 0404 0203 0404 0202 0202 0103 0101 0101 0203 0404 0303 0404 0201 0303 0101 0404 0404 0103 0101 0303 0202 0404 0404 0303 0202 0304 0303 0404 0101 0101 0301 0101 0103 0401 0202 0204 0202 0303 0104 0404 0403 0101 0204 0104 0101 0303 0202 0101 0302 0203 0202 0104 0404 0101 0101 0101 0404 0301 0404 0202 0202 0101 0304 0304 0301 0202 0104 0404 0101 
194 , 0303 0202 0303 0304 0104 0403 0101 0202 0202 0401 0304 0404 0303 0404 0201 0201 0101 0104 0102 0302 0404 0302 0204 0102 0302 0101 0202 0404 0301 0101 0101 0204 0404 0104 0303 0202 0404 0303 0404 0404 0101 0103 0101 0101 0101 0202 0402 0202 0203 0401 0404 0303 0101 0202 0101 0101 0303 0202 0101 0302 0303 0202 0401 0404 0101 0101 0101 0404 0303 0404 0302 0201 0303 0304 0404 0301 0202 0404 0303 0101 
195 , 0303 0202 0303 0404 0401 0303 0101 0204 0202 0104 0404 0104 0202 0404 0102 0101 0303 0404 0101 0202 0204 0303 0404 0202 0303 0101 0404 0404 0303 0101 0301 0404 0404 0404 0303 0202 0304 0303 0402 0401 0101 0301 0101 0303 0101 0202 0402 0402 0202 0101 0404 0303 0101 0202 0101 0102 0303 0202 0101 0202 0303 0202 0104 0304 0101 0301 0101 0303 0301 0404 0303 0202 0103 0404 0304 0303 0202 0404 0304 0101 
196 , 0303 0202 0303 0404 0401 0403 0101 0202 0201 0104 0404 0404 0203 0404 0102 0102 0101 0101 0201 0202 0402 0303 0204 0202 0303 0101 0404 0404 0101 0101 0101 0404 0104 0401 0403 0402 0304 0303 0404 0101 0101 0303 0101 0103 0104 0202 0402 0204 0202 0404 0204 0303 0102 0202 0401 0102 0303 0202 0101 0202 0303 0202 0104 0404 0101 0301 0101 0404 0303 0303 0202 0202 0101 0404 0304 0303 0202 0404 0303 0101 
197 , 0303 0201 0303 0404 0101 0303 0101 0202 0202 0404 0304 0404 0302 0402 0102 0102 0101 0401 0101 0202 0404 0303 0404 0202 0303 0103 0404 0403 0101 0101 0101 0404 0104 0404 0303 0202 0304 0203 0402 0401 0101 0103 0101 0303 0104 0202 0204 0204 0203 0101 0404 0304 0201 0202 0404 0101 0303 0202 0201 0202 0303 0402 0101 0304 0101 0101 0101 0304 0303 0303 0303 0202 0101 0403 0404 0303 0202 0404 0404 0104 
198 , 0303 0202 0303 0404 0104 0303 0301 0202 0202 0101 0403 0104 0303 0404 0101 0201 0101 0104 0202 0202 0404 0303 0404 0202 0302 0301 0404 0404 0301 0101 0101 0404 0404 0104 0403 0202 0404 0303 0404 0104 0101 0103 0101 0103 0101 0202 0402 0402 0303 0101 0404 0303 0101 0202 0104 0101 0303 0202 0101 0202 0302 0202 0101 0304 0101 0101 0101 0404 0303 0304 0202 0201 0101 0404 0404 0301 0202 0404 0303 0104 
199 , 0303 0102 0303 0403 0101 0303 0101 0202 0202 0404 0403 0404 0303 0202 0102 0101 0103 0101 0102 0302 0404 0303 0404 0202 0303 0101 0204 0404 0303 0101 0101 0204 0404 0404 0303 0202 0404 0303 0202 0404 0101 0101 0101 0301 0101 0202 0204 0204 0302 0101 0404 0303 0101 0202 0101 0101 0303 0202 0101 0203 0303 0202 0401 0403 0101 0101 0401 0403 0303 0404 0202 0102 0101 0404 0403 0301 0202 0104 0403 0401 
200 , 0304 0102 0303 0404 0101 0403 0103 0202 0202 0101 0404 0404 0303 0404 0102 0201 0103 0101 0101 0202 0404 0303 0404 0202 0203 0101 0204 0403 0301 0101 0103 0404 0404 0404 0303 0402 0304 0302 0404 0101 0101 0303 0101 0303 0101 0202 0202 0202 0202 0104 0404 0303 0101 0202 0101 0102 0303 0202 0101 0302 0303 0202 0104 0404 0101 0101 0101 0404 0103 0304 0302 0202 0103 0403 0403 0103 0202 0404 0403 0401 
