Auto-generated genotype output.
1
2
3
4
5
6
7
8
9
10
11
12
13
14
15
16
17
18
19
20
21
22
23
24
25
26
27
28
29
30
31
32
33
34
35
36
37
38
39
40
Pop
1 , 0303 0202 0303 0403 0104 0303 0101 0402 0202 0401 0404 0404 0303 0404 0202 0101 0101 0401 0201 0202 0404 0302 0404 0201 0303 0103 0402 0404 0101 0101 0103 0204 0404 0101 0303 0202 0304 0303 0404 0101 
2 , 0303 0202 0303 0404 0404 0303 0101 0202 0202 0401 0304 0404 0303 0204 0202 0102 0101 0101 0101 0203 0404 0303 0402 0201 0303 0103 0204 0404 0301 0101 0101 0402 0404 0404 0303 0202 0304 0303 0204 0101 
3 , 0303 0202 0303 0404 0401 0304 0101 0204 0202 0401 0404 0404 0303 0202 0201 0101 0101 0401 0102 0202 0404 0303 0404 0202 0303 0101 0204 0303 0101 0201 0101 0202 0104 0104 0304 0202 0403 0303 0202 0101 
4 , 0303 0201 0303 0403 0104 0403 0101 0202 0202 0101 0404 0404 0303 0404 0202 0201 0301 0104 0102 0202 0404 0303 0404 0102 0303 0101 0402 0403 0301 0201 0101 0204 0404 0401 0303 0202 0403 0303 0202 0101 
5 , 0303 0102 0303 0403 0104 0403 0101 0204 0102 0104 0404 0104 0303 0404 0202 0102 0101 0101 0102 0202 0404 0303 0404 0202 0303 0101 0404 0404 0103 0101 0101 0404 0404 0404 0303 0202 0303 0303 0204 0404 
6 , 0303 0202 0303 0304 0101 0303 0101 0202 0202 0104 0403 0401 0303 0404 0101 0201 0101 0101 0101 0202 0404 0303 0404 0202 0303 0101 0204 0404 0103 0101 0101 0404 0401 0401 0303 0202 0304 0303 0404 0104 
7 , 0303 0201 0303 0304 0104 0403 0101 0202 0202 0404 0403 0404 0303 0404 0102 0101 0101 0101 0101 0202 0404 0303 0404 0202 0203 0301 0404 0403 0103 0101 0101 0202 0404 0101 0303 0402 0304 0303 0402 0401 
8 , 0303 0102 0303 0403 0104 0304 0101 0204 0202 0104 0404 0404 0203 0404 0201 0101 0101 0404 0102 0202 0404 0302 0404 0202 0303 0101 0402 0404 0301 0101 0101 0404 0104 0401 0303 0204 0404 0303 0404 0101 
9 , 0303 0202 0302 0404 0101 0404 0301 0202 0102 0401 0404 0404 0303 0404 0202 0101 0101 0101 0101 0202 0404 0303 0404 0102 0303 0101 0404 0403 0301 0202 0101 0204 0404 0404 0303 0202 0404 0303 0204 0404 
10 , 0304 0202 0303 0404 0401 0404 0101 0202 0202 0401 0403 0404 0302 0404 0201 0202 0101 0101 0101 0202 0404 0303 0404 0102 0303 0101 0202 0404 0103 0101 0103 0202 0404 0404 0303 0204 0403 0303 0404 0101 
11 , 0303 0201 0303 0304 0404 0403 0303 0202 0102 0404 0404 0404 0303 0404 0202 0101 0101 0104 0102 0202 0404 0303 0402 0102 0302 0101 0404 0404 0301 0201 0101 0404 0404 0404 0303 0204 0404 0303 0204 0401 
12 , 0303 0202 0302 0404 0104 0303 0101 0204 0202 0404 0404 0404 0203 0204 0202 0202 0101 0101 0101 0202 0202 0302 0402 0202 0203 0101 0204 0304 0101 0101 0101 0204 0404 0401 0303 0202 0404 0203 0404 0101 
13 , 0304 0201 0303 0403 0404 0403 0101 0402 0102 0404 0304 0404 0303 0404 0101 0102 0101 0401 0101 0302 0404 0303 0402 0202 0302 0101 0404 0404 0301 0101 0101 0204 0404 0404 0303 0202 0403 0303 0404 0101 
14 , 0304 0201 0303 0403 0404 0303 0101 0202 0202 0101 0404 0404 0202 0404 0102 0201 0101 0401 0201 0202 0404 0303 0402 0202 0303 0101 0204 0403 0101 0102 0101 0404 0404 0104 0304 0202 0404 0203 0204 0401 
15 , 0304 0101 0303 0303 0104 0404 0101 0202 0202 0404 0404 0404 0303 0402 0201 0202 0101 0101 0102 0203 0404 0303 0404 0202 0203 0101 0204 0404 0101 0102 0101 0402 0404 0404 0304 0202 0404 0303 0404 0101 
16 , 0303 0102 0303 0304 0101 0303 0103 0202 0202 0404 0404 0404 0303 0402 0102 0101 0101 0401 0101 0202 0404 0303 0404 0202 0303 0101 0202 0404 0101 0102 0101 0404 0404 0404 0303 0202 0404 0202 0402 0101 
17 , 0303 0202 0303 0304 0101 0303 0101 0202 0201 0104 0403 0101 0203 0402 0102 0101 0103 0404 0202 0202 0404 0303 0404 0202 0303 0101 0404 0403 0101 0101 0301 0204 0401 0404 0303 0202 0404 0303 0204 0101 
18 , 0303 0102 0303 0304 0101 0403 0101 0204 0202 0401 0303 0404 0303 0404 0202 0102 0103 0104 0101 0202 0402 0303 0402 0202 0203 0101 0202 0404 0303 0101 0101 0204 0404 0404 0303 0202 0304 0303 0404 0404 
19 , 0303 0202 0303 0304 0401 0303 0101 0402 0202 0404 0404 0404 0303 0404 0202 0202 0101 0401 0101 0202 0404 0302 0404 0202 0303 0101 0402 0404 0101 0101 0101 0404 0404 0104 0303 0202 0404 0302 0404 0404 
20 , 0303 0201 0303 0403 0101 0304 0101 0202 0102 0401 0404 0401 0303 0404 0201 0202 0103 0101 0102 0202 0404 0303 0404 0102 0303 0101 0404 0404 0101 0101 0103 0204 0104 0404 0303 0202 0303 0303 0204 0101 
21 , 0303 0202 0303 0304 0104 0303 0101 0202 0202 0101 0403 0104 0203 0404 0101 0102 0103 0104 0102 0202 0404 0303 0404 0201 0303 0101 0404 0303 0301 0101 0101 0202 0401 0101 0303 0202 0403 0302 0402 0101 
22 , 0303 0201 0203 0404 0101 0304 0103 0202 0201 0401 0403 0101 0303 0202 0201 0201 0101 0101 0101 0202 0404 0303 0404 0202 0303 0101 0204 0404 0101 0201 0101 0204 0404 0101 0303 0202 0304 0303 0204 0101 
23 , 0303 0202 0303 0403 0104 0303 0101 0204 0202 0404 0404 0104 0303 0404 0202 0202 0103 0101 0202 0202 0402 0303 0404 0202 0303 0101 0404 0404 0101 0101 0101 0404 0404 0104 0303 0202 0403 0303 0404 0101 
24 , 0303 0102 0303 0303 0404 0303 0101 0202 0202 0404 0404 0404 0303 0404 0101 0202 0103 0104 0101 0202 0404 0303 0404 0202 0303 0101 0404 0404 0301 0101 0301 0202 0401 0401 0303 0202 0404 0303 0404 0101 
25 , 0303 0202 0303 0403 0404 0304 0101 0202 0202 0401 0304 0404 0303 0404 0102 0101 0301 0101 0101 0202 0404 0303 0404 0202 0303 0103 0404 0404 0101 0102 0301 0204 0404 0404 0303 0202 0304 0203 0202 0101 
26 , 0303 0102 0303 0403 0104 0303 0301 0202 0102 0404 0403 0401 0303 0402 0202 0201 0101 0401 0101 0202 0404 0303 0404 0202 0303 0101 0404 0304 0301 0101 0101 0202 0404 0101 0303 0204 0404 0302 0402 0101 
27 , 0303 0202 0303 0403 0101 0303 0101 0402 0202 0404 0404 0404 0303 0404 0202 0201 0101 0104 0101 0202 0404 0303 0404 0202 0303 0301 0404 0404 0103 0101 0301 0404 0404 0404 0303 0202 0304 0302 0404 0104 
28 , 0303 0201 0303 0403 0401 0303 0101 0204 0202 0404 0404 0404 0303 0404 0102 0201 0101 0401 0102 0202 0404 0303 0404 0202 0303 0103 0404 0404 0301 0101 0301 0204 0404 0104 0303 0202 0403 0303 0202 0101 
29 , 0403 0202 0303 0304 0401 0403 0101 0202 0202 0101 0403 0401 0303 0204 0101 0102 0101 0104 0101 0202 0404 0203 0404 0202 0303 0101 0404 0404 0101 0101 0101 0404 0404 0401 0303 0204 0404 0303 0404 0104 
30 , 0303 0202 0303 0304 0104 0303 0101 0202 0202 0104 0403 0404 0203 0404 0101 0102 0103 0104 0201 0202 0404 0303 0404 0202 0303 0101 0404 0404 0101 0201 0301 0402 0401 0401 0303 0202 0404 0302 0204 0401 
31 , 0303 0201 0303 0304 0401 0303 0101 0204 0102 0401 0404 0404 0303 0204 0202 0101 0101 0401 0102 0202 0404 0303 0404 0201 0302 0101 0204 0304 0103 0202 0101 0204 0104 0404 0303 0202 0404 0302 0204 0101 
32 , 0304 0101 0203 0304 0401 0303 0101 0202 0201 0404 0304 0404 0303 0402 0202 0202 0301 0401 0202 0203 0404 0303 0204 0202 0302 0101 0402 0404 0301 0101 0101 0404 0404 0401 0303 0202 0404 0302 0202 0101 
33 , 0304 0201 0303 0403 0404 0304 0101 0202 0202 0404 0404 0401 0303 0402 0202 0101 0101 0401 0101 0202 0404 0303 0404 0202 0303 0101 0404 0404 0101 0101 0301 0404 0401 0104 0304 0202 0404 0203 0404 0101 
34 , 0303 0101 0303 0403 0104 0404 0101 0202 0202 0404 0403 0404 0302 0404 0202 0101 0103 0101 0101 0202 0204 0303 0404 0202 0303 0103 0402 0404 0101 0102 0101 0202 0404 0404 0304 0202 0304 0302 0404 0101 
35 , 0303 0202 0303 0303 0404 0303 0101 0402 0202 0404 0403 0404 0203 0404 0202 0102 0301 0104 0201 0202 0404 0303 0204 0202 0303 0101 0404 0404 0101 0102 0101 0402 0401 0401 0303 0202 0404 0302 0402 0101 
36 , 0303 0201 0303 0403 0101 0404 0101 0204 0102 0401 0404 0401 0302 0402 0202 0101 0101 0101 0201 0202 0404 0303 0404 0101 0303 0301 0402 0403 0101 0101 0101 0202 0404 0404 0304 0202 0404 0302 0404 0104 
37 , 0303 0202 0303 0403 0401 0303 0101 0202 0202 0104 0303 0401 0303 0404 0101 0202 0101 0401 0201 0202 0404 0303 0402 0201 0303 0101 0404 0304 0101 0102 0101 0404 0404 0104 0303 0202 0304 0302 0204 0401 
38 , 0303 0102 0303 0304 0101 0403 0101 0202 0102 0401 0404 0404 0303 0404 0202 0201 0101 0101 0101 0202 0204 0303 0404 0202 0303 0301 0402 0403 0101 0102 0301 0204 0404 0401 0303 0202 0304 0302 0402 0101 
39 , 0303 0201 0303 0403 0101 0303 0101 0202 0202 0101 0403 0404 0203 0404 0201 0101 0101 0101 0102 0202 0404 0303 0404 0202 0303 0101 0404 0404 0101 0102 0101 0202 0404 0404 0303 0202 0404 0302 0404 0101 
40 , 0303 0102 0303 0403 0401 0303 0101 0202 0202 0404 0403 0404 0203 0404 0201 0102 0101 0104 0102 0202 0404 0303 0404 0202 0303 0101 0404 0404 0101 0101 0101 0402 0404 0101 0303 0202 0404 0303 0404 0104 
41 , 0303 0201 0303 0303 0401 0404 0101 0202 0102 0101 0403 0404 0303 0404 0201 0101 0101 0101 0102 0202 0404 0303 0404 0202 0303 0101 0202 0404 0301 0101 0101 0402 0404 0401 0403 0202 0304 0203 0204 0404 
42 , 0303 0102 0303 0404 0101 0303 0101 0202 0202 0401 0404 0404 0303 0404 0202 0102 0101 0101 0202 0303 0204 0302 0404 0202 0303 0101 0404 0303 0301 0101 0101 0404 0404 0404 0303 0202 0403 0303 0404 0101 
43 , 0303 0201 0302 0404 0101 0403 0101 0202 0102 0401 0404 0404 0303 0404 0202 0101 0101 0104 0101 0202 0404 0303 0404 0101 0303 0101 0404 0404 0301 0201 0101 0204 0404 0104 0303 0202 0404 0202 0204 0404 
44 , 0303 0201 0303 0404 0401 0303 0103 0202 0202 0101 0404 0404 0303 0404 0202 0101 0103 0104 0101 0202 0402 0303 0404 0202 0203 0301 0204 0303 0103 0101 0101 0204 0404 0401 0303 0202 0404 0303 0404 0401 
45 , 0303 0202 0303 0404 0101 0404 0101 0402 0201 0101 0403 0404 0303 0402 0201 0101 0101 0101 0101 0202 0404 0303 0404 0201 0303 0101 0404 0404 0303 0101 0101 0204 0404 0401 0303 0202 0303 0303 0204 0401 
46 , 0303 0201 0303 0304 0101 0303 0101 0204 0102 0104 0404 0404 0303 0404 0202 0202 0101 0104 0202 0203 0404 0302 0204 0202 0303 0101 0404 0303 0103 0101 0101 0404 0404 0404 0303 0202 0303 0303 0204 0101 
47 , 0304 0201 0303 0403 0104 0403 0101 0202 0102 0404 0303 0404 0303 0402 0201 0102 0101 0101 0101 0202 0404 0303 0404 0202 0303 0101 0404 0404 0103 0101 0301 0404 0404 0401 0303 0202 0403 0303 0404 0101 
48 , 0304 0202 0303 0404 0404 0303 0101 0402 0202 0401 0304 0104 0203 0202 0202 0102 0101 0104 0101 0202 0404 0303 0402 0202 0303 0101 0404 0404 0303 0102 0101 0402 0404 0404 0303 0202 0404 0203 0204 0101 
49 , 0303 0202 0303 0304 0404 0404 0101 0204 0202 0404 0403 0104 0303 0404 0201 0202 0101 0101 0102 0202 0404 0302 0404 0202 0303 0101 0202 0404 0301 0101 0101 0402 0404 0401 0303 0202 0403 0303 0404 0401 
50 , 0303 0102 0303 0403 0104 0304 0101 0202 0102 0401 0404 0404 0303 0404 0102 0201 0101 0101 0101 0202 0404 0303 0204 0202 0203 0303 0404 0304 0101 0102 0101 0404 0404 0401 0303 0202 0404 0303 0202 0104 
